

TREE # 1

  0  0.0000   7371.677335  x:  0.04018   0.10204   0.04931   0.06226   0.06472   0.10787   0.05046   0.05904   0.05353   0.08164   0.01958   0.07915   0.01254   0.05827   0.06358   0.07542   0.07526   0.10600   0.06859   0.06599   0.05322   0.19091   0.18630   0.20212   0.22999  
  1 99.0000   6219.900700  x:  0.22624   0.14579   0.10979   0.22296   0.10809   0.15423   0.16088   0.12074   0.20207   0.34476   0.48287   0.26549   0.97171   0.18289   0.22384   0.22929   0.15302   0.15672   0.21989   0.30827   0.35877   0.81554   0.05721   0.19527   0.18141  
  2 5629.6787   6189.185856  x:  0.21644   0.14456   0.09514   0.22723   0.09987   0.16679   0.15475   0.11343   0.20539   0.36431   0.46644   0.24573   0.95007   0.16712   0.21626   0.21909   0.14835   0.16578   0.22413   0.30538   0.35584   0.88141   0.02629   0.15533   0.13548  
  3 467.7110   6155.049020  x:  0.20356   0.14347   0.07525   0.23426   0.08872   0.18503   0.14692   0.10400   0.21077   0.39322   0.44448   0.21833   0.92165   0.14548   0.20649   0.20521   0.14204   0.17858   0.23126   0.30222   0.35297   0.97534   0.04251   0.10580   0.07145  
  4 2740.7648   6123.156243  x:  0.18323   0.14316   0.04882   0.24463   0.06982   0.21068   0.13633   0.09333   0.21597   0.44080   0.40959   0.17747   0.87073   0.11635   0.19652   0.18573   0.13393   0.19649   0.24827   0.30043   0.35237   1.11099   0.04647   0.15986   0.03497  
  5 748.1861   6073.748902  x:  0.14757   0.14388   0.00645   0.26502   0.03480   0.25823   0.11891   0.07688   0.22593   0.52701   0.34336   0.10067   0.77325   0.06626   0.18001   0.14792   0.11905   0.22671   0.28208   0.29960   0.35436   1.36742   0.05696   0.20133   0.07917  
  6 2245.9205   6050.579704  x:  0.13403   0.15163   0.09461   0.28441   0.01735   0.29386   0.11571   0.08753   0.22855   0.58881   0.28810   0.05440   0.67176   0.06804   0.18491   0.11990   0.11244   0.23830   0.30905   0.29751   0.35562   1.56939   0.06253   0.22905   0.09758  
  7 1030.1225   6017.943679  x:  0.14846   0.15753   0.09071   0.28664   0.00000   0.30803   0.13837   0.11601   0.21618   0.63027   0.25540   0.12266   0.53028   0.14903   0.21675   0.12488   0.12777   0.21898   0.33012   0.29340   0.35669   1.75761   0.06683   0.24658   0.10651  
  8 444.8033   6005.705795  x:  0.19413   0.15422   0.10587   0.28135   0.03979   0.28526   0.13240   0.09860   0.19697   0.62462   0.27676   0.17970   0.42994   0.10045   0.19727   0.16563   0.15337   0.15857   0.34173   0.30922   0.38057   1.87091   0.06929   0.25700   0.11165  
  9 206.7604   6002.457742  x:  0.19390   0.13734   0.10740   0.26449   0.02407   0.23074   0.14146   0.09506   0.17124   0.58385   0.29367   0.15924   0.40411   0.10188   0.20634   0.17000   0.15807   0.14396   0.33960   0.32834   0.41131   1.91447   0.07098   0.25990   0.11027  
 10 74.8836   6001.426328  x:  0.18736   0.14699   0.10446   0.25964   0.04931   0.21693   0.13993   0.09903   0.16092   0.54573   0.29973   0.15464   0.39432   0.10846   0.20416   0.16512   0.15707   0.16338   0.33726   0.33526   0.42727   1.93688   0.07149   0.26236   0.11020  
 11 49.2526   6001.132404  x:  0.18339   0.14901   0.10530   0.26021   0.04770   0.21950   0.13784   0.09913   0.16423   0.52247   0.29940   0.16055   0.39565   0.10860   0.20110   0.16232   0.14235   0.15994   0.33465   0.33274   0.43041   1.94737   0.07178   0.26420   0.11054  
 12 23.2811   6000.916452  x:  0.18432   0.14696   0.10685   0.26234   0.03938   0.22633   0.13854   0.09862   0.17408   0.49704   0.29777   0.16418   0.39645   0.10558   0.20040   0.16466   0.14887   0.16406   0.33096   0.32667   0.42966   1.95672   0.07201   0.26599   0.11114  
 13 20.0153   6000.851800  x:  0.18699   0.14705   0.10547   0.26337   0.04162   0.22882   0.13855   0.09746   0.17977   0.49063   0.29668   0.15920   0.39633   0.10817   0.20298   0.16736   0.14995   0.16012   0.32979   0.32504   0.42794   1.95953   0.07198   0.26655   0.11113  
 14  9.4896   6000.744291  x:  0.18791   0.14755   0.10472   0.26180   0.04304   0.22442   0.14235   0.10485   0.18685   0.48966   0.29469   0.15766   0.39550   0.10670   0.20147   0.17168   0.14787   0.16030   0.32750   0.32484   0.42230   1.96374   0.07195   0.26697   0.11126  
 15  3.6517   6000.291958  x:  0.18619   0.14798   0.10693   0.25588   0.04478   0.20590   0.13566   0.09896   0.20504   0.49158   0.28726   0.16209   0.39309   0.11134   0.19938   0.18103   0.14417   0.16678   0.31828   0.32693   0.40155   1.98040   0.07237   0.26836   0.11271  
 16 14.6492   5998.172837  x:  0.16649   0.13926   0.10788   0.24950   0.05739   0.20707   0.15389   0.09170   0.20184   0.49675   0.26227   0.18019   0.38039   0.10734   0.21197   0.16025   0.15662   0.15422   0.28142   0.34953   0.35318   2.04278   0.07315   0.27265   0.11496  
 17 14.4208   5994.520408  x:  0.19722   0.16847   0.10139   0.25446   0.02933   0.23099   0.13567   0.10511   0.17220   0.50740   0.23901   0.18623   0.33522   0.11381   0.20999   0.15387   0.15727   0.15567   0.25680   0.37499   0.31973   2.13395   0.07338   0.27630   0.11523  
 18 42.6889   5990.129752  x:  0.18016   0.13669   0.09797   0.27529   0.01746   0.26735   0.13332   0.10990   0.16884   0.52708   0.23133   0.19505   0.26085   0.13350   0.19687   0.17756   0.14588   0.16906   0.29509   0.36922   0.33211   2.22527   0.07314   0.27678   0.11384  
 19 59.5679   5988.649917  x:  0.17261   0.16210   0.09642   0.26978   0.01225   0.25987   0.14468   0.10280   0.17933   0.53674   0.21839   0.20325   0.24043   0.13004   0.20390   0.16528   0.15271   0.16254   0.32889   0.33220   0.35257   2.25659   0.07276   0.27629   0.11235  
 20 44.3676   5988.370314  x:  0.17696   0.15411   0.09568   0.26400   0.01643   0.25607   0.13597   0.10931   0.17406   0.53931   0.21145   0.20510   0.24308   0.13005   0.20539   0.15988   0.15534   0.16015   0.33268   0.31040   0.35629   2.26562   0.07292   0.27676   0.11274  
 21 21.6537   5988.326953  x:  0.17721   0.15452   0.09605   0.26318   0.01701   0.25635   0.13917   0.10707   0.16919   0.54050   0.21201   0.20417   0.24404   0.13054   0.20458   0.16367   0.15399   0.16121   0.32936   0.30203   0.35605   2.26784   0.07299   0.27698   0.11317  
 22  7.8529   5988.311411  x:  0.17486   0.15542   0.09586   0.26550   0.01687   0.25585   0.13763   0.10819   0.17047   0.54196   0.21280   0.20415   0.24342   0.13060   0.20480   0.16421   0.15479   0.16041   0.32419   0.30028   0.35955   2.26758   0.07297   0.27689   0.11318  
 23  1.2676   5988.273453  x:  0.17863   0.15346   0.09543   0.26644   0.01739   0.25556   0.13996   0.10657   0.17391   0.54380   0.21120   0.20449   0.24267   0.13092   0.20416   0.16164   0.15306   0.16234   0.31841   0.29983   0.36573   2.26622   0.07282   0.27668   0.11301  
 24  2.1493   5987.699387  x:  0.17214   0.15378   0.09187   0.23693   0.01664   0.26996   0.13829   0.10626   0.18215   0.54748   0.21204   0.20147   0.24943   0.13248   0.20511   0.16557   0.15101   0.16491   0.31488   0.30249   0.38043   2.25466   0.07135   0.27053   0.10995  
 25  1.5365   5985.402198  x:  0.15985   0.15154   0.06865   0.26936   0.01750   0.26679   0.14148   0.10463   0.18402   0.54444   0.21716   0.19112   0.28045   0.13787   0.20420   0.15636   0.14439   0.17229   0.34226   0.29383   0.38120   2.20951   0.06469   0.24626   0.09713  
 26 10.7364   5985.374117  x:  0.16065   0.15091   0.06837   0.26896   0.01741   0.26727   0.14100   0.10483   0.18549   0.54479   0.22390   0.19067   0.27864   0.13656   0.20772   0.15333   0.14273   0.17391   0.34209   0.29200   0.37901   2.20900   0.06459   0.24598   0.09711  
 27  5.7565   5985.370468  x:  0.16071   0.15088   0.06835   0.26861   0.01730   0.26733   0.14117   0.10480   0.18592   0.54491   0.22551   0.19029   0.27846   0.13742   0.20584   0.15206   0.14324   0.17346   0.34200   0.29161   0.37849   2.20915   0.06459   0.24602   0.09714  
 28  1.8338   5984.709292  x:  0.17218   0.15008   0.05891   0.26932   0.02092   0.26368   0.13767   0.10392   0.17559   0.54237   0.22443   0.19636   0.25832   0.13340   0.20272   0.16260   0.14937   0.16838   0.33870   0.29923   0.37365   2.24963   0.06271   0.23884   0.09299  
 29  0.0623   5984.590233  x:  0.17212   0.15287   0.06110   0.27063   0.01981   0.26162   0.13775   0.10358   0.17837   0.54332   0.22365   0.20784   0.25871   0.12879   0.20200   0.16315   0.15109   0.16599   0.33258   0.29820   0.36688   2.26499   0.06359   0.24066   0.09505  
 30  0.0143   5984.402782  x:  0.17182   0.15097   0.05394   0.26993   0.01973   0.26354   0.13947   0.10531   0.17559   0.54736   0.22942   0.21260   0.26832   0.13004   0.20305   0.16031   0.15002   0.16645   0.33503   0.30202   0.37753   2.29611   0.06406   0.23667   0.09463  
 31  0.0079   5984.231138  x:  0.17377   0.15155   0.05453   0.27161   0.02268   0.26347   0.13868   0.10401   0.17937   0.55333   0.23181   0.20777   0.26827   0.13331   0.20425   0.16436   0.15051   0.16756   0.33916   0.30100   0.37604   2.35437   0.06577   0.24061   0.09783  
 32  0.0255   5984.157692  x:  0.17420   0.15237   0.05572   0.27452   0.01618   0.26541   0.13748   0.10421   0.17750   0.55552   0.23108   0.20371   0.27043   0.13147   0.20449   0.16222   0.15084   0.16766   0.34040   0.30031   0.37781   2.38186   0.06527   0.24018   0.09715  
 33  0.0173   5984.122557  x:  0.17233   0.15289   0.05692   0.27378   0.01939   0.26548   0.13849   0.10413   0.17848   0.55729   0.23099   0.20209   0.27239   0.12973   0.20394   0.16130   0.15069   0.16748   0.34015   0.30240   0.37768   2.39570   0.06442   0.23926   0.09609  
 34  0.0123   5984.113977  x:  0.17368   0.15139   0.05863   0.27286   0.01861   0.26613   0.13859   0.10456   0.17915   0.55580   0.23201   0.20303   0.27326   0.13027   0.20371   0.16178   0.15038   0.16774   0.34039   0.30269   0.37900   2.39810   0.06421   0.23984   0.09575  
 35  0.0027   5984.111563  x:  0.17329   0.15223   0.05867   0.27312   0.01856   0.26586   0.13876   0.10444   0.17896   0.55598   0.23198   0.20369   0.27267   0.13101   0.20438   0.16203   0.15064   0.16756   0.34123   0.30260   0.37912   2.39903   0.06409   0.23997   0.09523  
 36  0.0013   5984.111103  x:  0.17352   0.15204   0.05850   0.27328   0.01870   0.26572   0.13869   0.10446   0.17871   0.55617   0.23175   0.20364   0.27272   0.13100   0.20423   0.16185   0.15068   0.16742   0.34156   0.30287   0.37938   2.39904   0.06419   0.24027   0.09497  
 37  0.0004   5984.111015  x:  0.17336   0.15208   0.05849   0.27319   0.01860   0.26586   0.13869   0.10444   0.17890   0.55607   0.23188   0.20361   0.27277   0.13087   0.20422   0.16192   0.15063   0.16753   0.34156   0.30280   0.37936   2.39909   0.06421   0.24034   0.09490  
 38  0.0003   5984.111015  x:  0.17337   0.15209   0.05850   0.27318   0.01861   0.26586   0.13870   0.10443   0.17887   0.55605   0.23189   0.20361   0.27277   0.13087   0.20422   0.16192   0.15063   0.16753   0.34157   0.30279   0.37937   2.39909   0.06422   0.24035   0.09490  
 39  0.0000   5984.111015  x:  0.17337   0.15209   0.05850   0.27318   0.01861   0.26585   0.13870   0.10443   0.17887   0.55605   0.23189   0.20361   0.27277   0.13087   0.20422   0.16192   0.15063   0.16753   0.34158   0.30279   0.37937   2.39909   0.06422   0.24034   0.09490  
 40  0.0000   5984.111015  x:  0.17337   0.15209   0.05850   0.27318   0.01861   0.26585   0.13870   0.10443   0.17887   0.55605   0.23189   0.20361   0.27277   0.13087   0.20422   0.16192   0.15063   0.16753   0.34158   0.30279   0.37937   2.39909   0.06422   0.24034   0.09490  
 41  0.0000   5984.111015  x:  0.17337   0.15209   0.05850   0.27318   0.01861   0.26585   0.13870   0.10443   0.17887   0.55605   0.23189   0.20361   0.27277   0.13087   0.20422   0.16192   0.15063   0.16753   0.34158   0.30279   0.37937   2.39909   0.06422   0.24034   0.09490  