

TREE # 1

  0  0.0000   5940.010969  x:  0.08548   0.05948   0.07519   0.05989   0.07806   0.02785   0.06329   0.07117   0.04654   0.04328   0.01205   0.01762   0.08102   0.01757   0.01630   0.06661   0.08584   0.02520   0.08233   0.09064   0.03393   0.09889   0.10800   0.07547   0.02687   0.08127   0.04899   0.08061   0.04044   0.06870   0.03851   0.02543   0.01022   0.05810   0.10256   0.04938   0.08716   0.08269   0.08811   0.06986   0.06751   2.00000   1.43858   0.17218   0.22597  
  1 99.0000   5011.818366  x:  0.11171   0.10532   0.11210   0.13978   0.11796   0.11348   0.15055   0.12002   0.16008   0.13395   0.25287   0.03191   0.06891   0.14181   0.65311   0.08134   0.08196   0.08158   0.04993   0.06254   0.12493   0.08622   0.09330   0.13070   0.30535   0.17318   0.23053   0.17539   0.13225   0.11486   0.27131   0.19559   0.14900   0.17915   0.18536   0.21858   0.17874   0.11653   0.18491   0.03375   0.03141   2.00276   1.46589   0.14521   0.01924  
  2 4419.1673   4996.604831  x:  0.11385   0.10825   0.11477   0.14268   0.11968   0.11565   0.15394   0.12234   0.16336   0.13520   0.25437   0.03154   0.06742   0.14139   0.65855   0.08200   0.08175   0.08268   0.04618   0.05955   0.12728   0.08508   0.09196   0.13297   0.30908   0.17764   0.23572   0.17996   0.13484   0.11639   0.27541   0.19718   0.15028   0.18360   0.19017   0.22356   0.18398   0.11928   0.19062   0.02938   0.02705   2.00245   1.46903   0.14211   0.04599  
  3 1247.1115   4941.460977  x:  0.12697   0.12486   0.13060   0.15560   0.12858   0.12271   0.16985   0.13463   0.17584   0.13527   0.24063   0.02837   0.05900   0.12621   0.63121   0.08626   0.08178   0.08565   0.02347   0.04208   0.13557   0.07940   0.08501   0.14436   0.30735   0.20069   0.25450   0.20348   0.14458   0.12321   0.28121   0.19139   0.14554   0.20348   0.21661   0.24226   0.21249   0.13595   0.22170   0.00233   0.00000   1.99977   1.49051   0.12093   0.04564  
  4 725.7946   4940.635267  x:  0.12649   0.12434   0.13026   0.15558   0.12863   0.12274   0.16997   0.13458   0.17609   0.13527   0.24030   0.02829   0.05894   0.12588   0.63062   0.08625   0.08175   0.08571   0.02312   0.04210   0.13598   0.07944   0.08498   0.14464   0.30779   0.20083   0.25498   0.20361   0.14478   0.12333   0.28191   0.19141   0.14548   0.20360   0.21665   0.24274   0.21233   0.13542   0.22146   0.00000   0.00000   1.99951   1.49186   0.11961   0.04564  
  5 290.7857   4910.249446  x:  0.13546   0.14583   0.13057   0.14488   0.11138   0.10987   0.15574   0.10800   0.17468   0.11749   0.21776   0.00000   0.05775   0.10607   0.60666   0.07521   0.07068   0.07277   0.06842   0.03042   0.13055   0.06456   0.07366   0.14216   0.36197   0.18372   0.27396   0.18962   0.14344   0.11499   0.33533   0.19081   0.14512   0.20119   0.19896   0.26081   0.20765   0.15535   0.22468   0.00000   0.00000   1.95915   1.67162  -0.05494   0.04616  
  6 291.2707   4897.378933  x:  0.14465   0.15710   0.14303   0.14010   0.09674   0.10257   0.14756   0.10127   0.15109   0.07911   0.21198   0.11036   0.07011   0.11025   0.61360   0.10531   0.09309   0.09315   0.08247   0.04769   0.14886   0.07251   0.07616   0.14166   0.39071   0.18356   0.25711   0.18996   0.13561   0.09780   0.32542   0.17311   0.14950   0.20232   0.19784   0.23960   0.21636   0.16741   0.23190   0.00000   0.00000   1.89753   1.85486  -0.23160   0.04825  
  7 260.2304   4886.281748  x:  0.12977   0.13457   0.14212   0.15052   0.10770   0.11635   0.15819   0.12918   0.14638   0.05795   0.21907   0.14484   0.04669   0.11053   0.66083   0.06472   0.06589   0.06826   0.04838   0.02184   0.08596   0.06399   0.07031   0.12600   0.38310   0.20865   0.22162   0.20499   0.13652   0.09260   0.25503   0.15028   0.15791   0.20135   0.21071   0.20252   0.22021   0.14475   0.22512   0.00000   0.00000   1.81333   1.98531  -0.35454   0.04765  
  8 140.6161   4882.912365  x:  0.13181   0.13653   0.14181   0.15829   0.11302   0.12036   0.15994   0.13427   0.15201   0.06712   0.22379   0.12174   0.03664   0.10903   0.68348   0.06711   0.06962   0.08475   0.01389   0.05051   0.07696   0.06154   0.06693   0.12453   0.36018   0.20597   0.20835   0.19773   0.13369   0.09425   0.22343   0.14575   0.15352   0.19312   0.20923   0.19885   0.21938   0.14549   0.22917   0.00000   0.00000   1.76195   2.02872  -0.39334   0.04748  
  9 98.1013   4879.833786  x:  0.13154   0.13549   0.13982   0.16440   0.11677   0.12343   0.16294   0.13924   0.15430   0.07818   0.22760   0.09940   0.03507   0.11149   0.70461   0.08158   0.07251   0.08555   0.00395   0.03132   0.10282   0.06808   0.06965   0.12568   0.32252   0.19930   0.19946   0.19051   0.12998   0.09766   0.20120   0.14572   0.14400   0.18637   0.20986   0.19738   0.21716   0.14418   0.23076   0.00000   0.00000   1.69988   2.05971  -0.41860   0.04714  
 10 102.1707   4878.350420  x:  0.12921   0.13163   0.13792   0.17082   0.12181   0.12758   0.16820   0.14618   0.15821   0.08770   0.22919   0.08374   0.03165   0.11159   0.71902   0.09075   0.07554   0.08971   0.01634   0.02636   0.11860   0.07155   0.07052   0.12846   0.29155   0.19842   0.19477   0.18895   0.12903   0.10181   0.18441   0.14526   0.13617   0.18370   0.21408   0.19806   0.21738   0.14020   0.23285   0.00000   0.00000   1.65046   2.08154  -0.43585   0.04703  
 11 443.6259   4874.306443  x:  0.12925   0.12902   0.14143   0.17039   0.11766   0.12743   0.17590   0.15778   0.14449   0.09318   0.21788   0.08106   0.03759   0.11628   0.73816   0.08758   0.07401   0.06915   0.01570   0.04232   0.12648   0.06186   0.06771   0.12685   0.22350   0.19402   0.19880   0.19736   0.12534   0.10452   0.21920   0.15586   0.11394   0.19238   0.22827   0.19112   0.22281   0.14206   0.23363   0.00000   0.00000   1.52514   2.10703  -0.44822   0.04594  
 12 80.6662   4870.017396  x:  0.13238   0.13152   0.14434   0.16157   0.11005   0.11884   0.16854   0.15939   0.14319   0.11338   0.19626   0.09271   0.03694   0.11010   0.73803   0.07702   0.08420   0.10747   0.01453   0.01944   0.10305   0.06464   0.07259   0.13202   0.21502   0.19862   0.20743   0.20281   0.12793   0.10260   0.24386   0.15557   0.09941   0.19621   0.22722   0.19771   0.22428   0.14742   0.23241   0.00000   0.00000   1.38378   2.11707  -0.44036   0.04435  
 13 79.5782   4864.110427  x:  0.14137   0.14175   0.14983   0.15359   0.10816   0.10934   0.15223   0.15320   0.15633   0.13450   0.17281   0.10867   0.04151   0.10004   0.71676   0.07896   0.05991   0.08452   0.01514   0.03204   0.11102   0.07755   0.07706   0.13508   0.26387   0.21135   0.22072   0.20909   0.14478   0.10893   0.23026   0.14375   0.10363   0.19985   0.22210   0.22043   0.22887   0.15739   0.24090   0.00000   0.00000   1.20261   2.12268  -0.41736   0.04189  
 14 106.7053   4859.820112  x:  0.13953   0.13830   0.15052   0.15846   0.11052   0.11533   0.15793   0.14619   0.15090   0.10683   0.18335   0.09815   0.04748   0.10072   0.68919   0.09174   0.09988   0.07402   0.01461   0.02802   0.11168   0.04558   0.05758   0.12942   0.29660   0.20760   0.22978   0.21503   0.15602   0.12263   0.21760   0.14992   0.12416   0.20861   0.22996   0.22341   0.23383   0.15305   0.24832   0.00000   0.00000   1.13476   2.13141  -0.40134   0.03963  
 15 52.2346   4850.934294  x:  0.14148   0.13789   0.15957   0.17710   0.11111   0.13401   0.18832   0.14766   0.14069   0.02713   0.22693   0.05840   0.04551   0.10402   0.63065   0.08440   0.11568   0.08716   0.01445   0.03433   0.11515   0.09195   0.09007   0.13070   0.33086   0.20952   0.23727   0.22762   0.15779   0.12940   0.22300   0.17095   0.15222   0.22685   0.25362   0.21051   0.25360   0.15323   0.26858   0.00000   0.00000   1.08639   2.16391  -0.37703   0.03526  
 16 66.2265   4828.903962  x:  0.15117   0.14643   0.18002   0.20846   0.10698   0.16895   0.24776   0.18236   0.18435   0.04574   0.31412   0.04112   0.05002   0.12854   0.50644   0.08888   0.06897   0.11576   0.01484   0.03267   0.14124   0.05586   0.07071   0.20090   0.36121   0.26309   0.20234   0.23060   0.12499   0.08774   0.26311   0.19084   0.16487   0.23381   0.28015   0.17251   0.28575   0.16718   0.29014   0.00000   0.00000   1.11736   2.26430  -0.33386   0.02356  
 17 76.4419   4820.011917  x:  0.15842   0.16141   0.18311   0.21455   0.15177   0.18008   0.24649   0.20560   0.17692   0.06762   0.29944   0.06631   0.03646   0.11641   0.49490   0.09866   0.08516   0.09910   0.01378   0.02885   0.12173   0.06994   0.07393   0.16300   0.33336   0.26011   0.20583   0.23452   0.16517   0.09993   0.27364   0.17463   0.14713   0.22447   0.27578   0.25154   0.28658   0.18247   0.28838   0.00000   0.00000   1.18126   2.31582  -0.31918   0.01864  
 18 71.7223   4817.462335  x:  0.15655   0.15965   0.18165   0.19877   0.13276   0.15974   0.23345   0.21340   0.18635   0.08225   0.25315   0.06182   0.05388   0.10255   0.51672   0.08771   0.09156   0.10421   0.01310   0.03138   0.13162   0.07007   0.08020   0.14107   0.32825   0.25078   0.24469   0.24746   0.17090   0.12452   0.25438   0.16154   0.14110   0.24951   0.28696   0.22816   0.28420   0.18017   0.30111   0.00000   0.00000   1.21527   2.33434  -0.31427   0.01732  
 19 38.5993   4815.863260  x:  0.15017   0.15259   0.18952   0.20240   0.12479   0.13843   0.21344   0.20402   0.18309   0.06878   0.20708   0.05402   0.04101   0.09041   0.54143   0.10565   0.09075   0.09809   0.01250   0.03083   0.12443   0.07361   0.07548   0.18100   0.32675   0.24100   0.24235   0.26334   0.16956   0.13043   0.24930   0.16334   0.14170   0.25595   0.29000   0.22610   0.29703   0.17090   0.30779   0.00000   0.00000   1.23463   2.34658  -0.30505   0.01681  
 20 21.1257   4813.339960  x:  0.14975   0.15288   0.19937   0.21444   0.14189   0.12853   0.20499   0.19181   0.18681   0.04283   0.14978   0.04255   0.05773   0.11529   0.55580   0.08351   0.08805   0.11000   0.01214   0.03244   0.14314   0.06136   0.07518   0.19701   0.32683   0.25251   0.23260   0.28335   0.16857   0.12369   0.24355   0.16549   0.14342   0.24781   0.28656   0.24073   0.30660   0.16484   0.30796   0.00000   0.00000   1.25255   2.36987  -0.28859   0.01703  
 21 23.1098   4799.302242  x:  0.16162   0.16820   0.21413   0.22578   0.19551   0.12891   0.24229   0.16373   0.19331   0.06644   0.07197   0.01389   0.00842   0.10554   0.55345   0.11342   0.12178   0.09735   0.01135   0.03645   0.16231   0.06844   0.08767   0.16972   0.35163   0.31618   0.25374   0.33640   0.15410   0.09654   0.26736   0.17299   0.14395   0.24271   0.29808   0.20612   0.29935   0.16231   0.30089   0.00000   0.00000   1.31547   2.50360  -0.20101   0.02006  
 22 24.9082   4776.507290  x:  0.15904   0.17714   0.21764   0.23895   0.23620   0.10678   0.24575   0.13565   0.19105   0.08782   0.09901   0.00000   0.06782   0.07067   0.52718   0.12476   0.11382   0.09730   0.00921   0.03324   0.14259   0.08312   0.07092   0.19744   0.34838   0.33561   0.30628   0.37961   0.16313   0.11876   0.27156   0.15421   0.12123   0.26283   0.32220   0.22689   0.30624   0.15739   0.32673   0.00000   0.00000   1.39242   2.67989  -0.09233   0.02435  
 23 126.5452   4763.735770  x:  0.14715   0.17791   0.20646   0.24557   0.22479   0.09111   0.22568   0.13512   0.19195   0.07444   0.13204   0.01870   0.01165   0.04370   0.50552   0.09094   0.08286   0.11882   0.00763   0.03106   0.17566   0.05229   0.06294   0.19871   0.33976   0.31436   0.34097   0.37580   0.17019   0.14589   0.27020   0.14331   0.10488   0.28494   0.33426   0.26343   0.32515   0.16029   0.36305   0.00000   0.00000   1.44017   2.79099  -0.01550   0.02621  
 24 171.6955   4760.331360  x:  0.13845   0.17273   0.19751   0.24649   0.20457   0.09462   0.21971   0.15119   0.20068   0.07614   0.13059   0.01939   0.00000   0.07115   0.49341   0.09703   0.07840   0.11911   0.00729   0.02987   0.16995   0.05064   0.06614   0.19499   0.34054   0.30555   0.34564   0.36457   0.17438   0.15364   0.27116   0.14150   0.10136   0.29492   0.33962   0.27765   0.33870   0.16178   0.37866   0.00000   0.00000   1.45097   2.81817   0.00100   0.02685  
 25 108.5081   4755.525093  x:  0.11477   0.15457   0.16648   0.25907   0.13070   0.13574   0.21867   0.22000   0.23408   0.06752   0.10476   0.02207   0.01720   0.05188   0.48398   0.10957   0.07504   0.11862   0.00703   0.02744   0.16320   0.04585   0.07259   0.16854   0.35044   0.28995   0.31567   0.31223   0.17958   0.14821   0.28139   0.15693   0.10636   0.30582   0.34817   0.31839   0.38871   0.17001   0.41637   0.00000   0.00000   1.47139   2.86962   0.03828   0.02799  
 26 101.9871   4754.744591  x:  0.12125   0.15627   0.15690   0.25594   0.10966   0.14796   0.22276   0.23498   0.24193   0.06835   0.10109   0.02321   0.01587   0.05154   0.48333   0.09357   0.09225   0.11022   0.00693   0.02838   0.16691   0.05858   0.06014   0.17975   0.35232   0.28585   0.31153   0.30439   0.18588   0.14450   0.28153   0.15249   0.10528   0.30403   0.34957   0.32402   0.39383   0.17274   0.41736   0.00000   0.00000   1.47499   2.87787   0.04386   0.02822  
 27 40.7382   4754.428135  x:  0.13080   0.16089   0.15232   0.24897   0.09808   0.15933   0.23090   0.24377   0.24218   0.06431   0.09943   0.02170   0.01660   0.05065   0.48447   0.09398   0.09288   0.10929   0.00683   0.02882   0.16725   0.05129   0.07093   0.19115   0.35373   0.28010   0.31363   0.30595   0.19898   0.14164   0.28047   0.14346   0.10359   0.29896   0.35263   0.32583   0.39141   0.17327   0.40977   0.00000   0.00000   1.47618   2.88121   0.04585   0.02835  
 28 16.9641   4754.210361  x:  0.13276   0.16369   0.15587   0.24314   0.09217   0.16588   0.23691   0.24853   0.24005   0.05977   0.09679   0.01972   0.01644   0.05163   0.48455   0.09849   0.08468   0.11492   0.00680   0.02851   0.16882   0.05307   0.06075   0.19083   0.35531   0.27496   0.31467   0.30787   0.21122   0.14011   0.28085   0.13995   0.10299   0.29469   0.35816   0.32485   0.38910   0.17334   0.40289   0.00000   0.00000   1.47646   2.88323   0.04696   0.02835  
 29 12.1889   4753.313860  x:  0.11493   0.16801   0.19984   0.23206   0.08387   0.16146   0.23993   0.25061   0.24272   0.07144   0.10026   0.01568   0.01763   0.05263   0.47532   0.08970   0.08845   0.11510   0.00672   0.02888   0.17538   0.05247   0.06608   0.19369   0.36281   0.26393   0.30292   0.30729   0.24936   0.13766   0.28218   0.15087   0.09899   0.28212   0.38842   0.32244   0.38977   0.17124   0.39401   0.00000   0.00000   1.47828   2.89581   0.04548   0.02869  
 30  7.6873   4748.679186  x:  0.16568   0.16518   0.22828   0.22440   0.08486   0.09442   0.25199   0.24833   0.29140   0.04543   0.11578   0.01354   0.02094   0.05856   0.45034   0.09551   0.08828   0.10606   0.00590   0.02189   0.17495   0.05002   0.06085   0.19060   0.36781   0.29603   0.31719   0.28787   0.29015   0.09923   0.29652   0.16546   0.07102   0.27852   0.43765   0.34255   0.36045   0.11708   0.43046   0.00000   0.00000   1.48287   2.95110   0.03972   0.02908  
 31 10.0589   4736.853349  x:  0.15235   0.17163   0.19606   0.24709   0.12402   0.07534   0.29689   0.21223   0.32687   0.04041   0.11479   0.01953   0.03166   0.07664   0.38002   0.08847   0.07182   0.09749   0.00408   0.00571   0.18261   0.05024   0.05421   0.23214   0.37145   0.34066   0.34745   0.32618   0.28333   0.14974   0.33192   0.16104   0.10997   0.32424   0.44929   0.36582   0.33115   0.19267   0.45599   0.00000   0.00000   1.49206   3.08732   0.02076   0.03065  
 32 27.3726   4732.196121  x:  0.13338   0.16637   0.19304   0.24801   0.12331   0.07844   0.29400   0.20708   0.29947   0.04536   0.12977   0.00000   0.03484   0.08138   0.36757   0.08817   0.07568   0.09466   0.00371   0.00531   0.19583   0.04860   0.05125   0.22913   0.39141   0.36186   0.35859   0.36165   0.26227   0.13259   0.34044   0.12173   0.08113   0.34199   0.44061   0.38176   0.36428   0.19870   0.45893   0.00000   0.00000   1.49530   3.12454   0.01646   0.03068  
 33 58.0346   4730.720305  x:  0.15516   0.18168   0.18634   0.23214   0.11397   0.09672   0.27280   0.21400   0.24794   0.06544   0.13472   0.00000   0.03692   0.08490   0.35064   0.08482   0.07081   0.09815   0.00344   0.00611   0.20414   0.04806   0.05032   0.23035   0.40052   0.39506   0.36504   0.38222   0.24612   0.15585   0.33241   0.15335   0.07440   0.34716   0.43093   0.39480   0.39760   0.16802   0.44965   0.00000   0.00000   1.49960   3.14779   0.00972   0.03090  
 34 28.4670   4730.179932  x:  0.13890   0.19952   0.19558   0.22631   0.10900   0.10502   0.25463   0.21780   0.23336   0.06064   0.13590   0.00000   0.03704   0.08499   0.34876   0.08673   0.07204   0.09699   0.00327   0.00720   0.20448   0.04767   0.04984   0.23800   0.38953   0.43098   0.39353   0.36042   0.23669   0.15419   0.33413   0.14070   0.09813   0.33647   0.43604   0.40053   0.40343   0.16126   0.44408   0.00000   0.00000   1.50028   3.15451   0.00618   0.03089  
 35  9.1371   4729.183792  x:  0.13272   0.19439   0.19239   0.25341   0.11100   0.15853   0.23649   0.17410   0.24044   0.05759   0.12820   0.00000   0.03741   0.08631   0.34714   0.08483   0.06793   0.09414   0.00338   0.00820   0.19843   0.04821   0.04957   0.24424   0.38798   0.44085   0.42241   0.34133   0.24761   0.15663   0.33950   0.14081   0.07287   0.31556   0.44844   0.38426   0.40252   0.16161   0.46910   0.00000   0.00000   1.50105   3.15988  -0.00414   0.03079  
 36  5.6660   4726.824774  x:  0.15091   0.16896   0.16161   0.27363   0.11575   0.14060   0.25496   0.13532   0.27749   0.07241   0.13291   0.00000   0.03914   0.08718   0.32655   0.08279   0.06279   0.09642   0.00404   0.01644   0.19913   0.05107   0.05103   0.23339   0.38285   0.40658   0.40552   0.38642   0.25117   0.13353   0.35629   0.12347   0.10254   0.34279   0.48505   0.40284   0.41387   0.18509   0.46562   0.00000   0.00000   1.49871   3.18007  -0.03950   0.03120  
 37  6.7604   4725.607663  x:  0.13216   0.18201   0.17275   0.27104   0.12977   0.11141   0.29807   0.17044   0.31180   0.05390   0.13555   0.00000   0.03991   0.08584   0.31948   0.08651   0.06516   0.09146   0.00455   0.02065   0.19622   0.05003   0.04893   0.24026   0.39677   0.38945   0.40938   0.40750   0.23538   0.15463   0.35952   0.13480   0.06893   0.33898   0.45095   0.40557   0.40864   0.19785   0.46612   0.00000   0.00000   1.49544   3.18687  -0.05686   0.03152  
 38 16.0637   4725.389581  x:  0.13312   0.18523   0.18522   0.26668   0.13512   0.11169   0.31833   0.17021   0.31140   0.05652   0.13224   0.00000   0.04022   0.08568   0.31973   0.08475   0.06431   0.09171   0.00478   0.02076   0.19725   0.05038   0.04938   0.24158   0.39914   0.38284   0.39889   0.40121   0.23388   0.17024   0.36991   0.11810   0.07288   0.34500   0.43525   0.40414   0.41000   0.18098   0.48101   0.00000   0.00000   1.49446   3.18727  -0.06133   0.03156  
 39  8.3505   4725.191052  x:  0.12438   0.18854   0.17922   0.24964   0.13089   0.10906   0.32767   0.15708   0.30705   0.05188   0.13234   0.00000   0.03951   0.08476   0.32240   0.08648   0.06414   0.09185   0.00486   0.02123   0.19882   0.04964   0.04964   0.24358   0.39847   0.40345   0.38661   0.39342   0.24543   0.17452   0.37011   0.11665   0.06211   0.36425   0.43182   0.40885   0.41036   0.18568   0.48438   0.00000   0.00000   1.49493   3.18660  -0.07281   0.03155  
 40  2.0758   4722.710550  x:  0.13722   0.12408   0.19807   0.27285   0.08632   0.09068   0.34790   0.15228   0.25410   0.06374   0.12574   0.00000   0.03697   0.06966   0.31371   0.09208   0.05686   0.08618   0.00669   0.02024   0.20207   0.05029   0.05582   0.24634   0.39549   0.45997   0.43723   0.38694   0.26425   0.17205   0.37765   0.11178   0.06352   0.36006   0.41823   0.44557   0.45269   0.21427   0.48918   0.00000   0.00000   1.48943   3.16384  -0.24695   0.03197  
 41  2.8231   4719.925350  x:  0.10510   0.19498   0.16280   0.28822   0.09221   0.11326   0.29806   0.17166   0.24881   0.06804   0.11867   0.00000   0.03503   0.05045   0.30074   0.10130   0.05309   0.08032   0.00937   0.01789   0.20541   0.05441   0.06255   0.24536   0.40284   0.46220   0.45925   0.41530   0.24891   0.15148   0.40779   0.09668   0.05998   0.37809   0.46693   0.46962   0.47936   0.17412   0.49967   0.00000   0.00000   1.47734   3.13408  -0.44513   0.03249  
 42 22.8889   4719.732385  x:  0.11075   0.18229   0.17000   0.25938   0.10353   0.12736   0.28412   0.17403   0.26126   0.06240   0.12057   0.00000   0.03452   0.04844   0.30107   0.10336   0.05436   0.07960   0.00949   0.01775   0.20551   0.05465   0.06279   0.24601   0.40223   0.46122   0.45920   0.41967   0.23508   0.15477   0.41179   0.09412   0.06028   0.37604   0.47431   0.47396   0.48385   0.17806   0.50192   0.00000   0.00000   1.47645   3.13300  -0.45915   0.03256  
 43  7.6997   4719.655530  x:  0.10731   0.18314   0.16533   0.24967   0.10535   0.12603   0.29629   0.16771   0.25741   0.06478   0.11676   0.00000   0.03457   0.04895   0.30325   0.10106   0.05330   0.07904   0.00928   0.01766   0.20318   0.05448   0.06263   0.24723   0.40333   0.45504   0.46452   0.41633   0.22456   0.15224   0.40736   0.09763   0.05948   0.36883   0.48487   0.48077   0.48836   0.17724   0.50611   0.00000   0.00000   1.47612   3.13112  -0.46761   0.03248  
 44  1.2150   4717.927214  x:  0.11515   0.19244   0.15019   0.26027   0.08892   0.10141   0.28189   0.14184   0.28493   0.06154   0.11426   0.00000   0.03273   0.05306   0.32582   0.08939   0.06594   0.07972   0.00684   0.01735   0.19670   0.05013   0.05669   0.22879   0.38322   0.46004   0.48067   0.44066   0.21967   0.19677   0.42985   0.07543   0.04414   0.35767   0.48893   0.49716   0.54574   0.16695   0.47447   0.00000   0.00000   1.46561   3.09686  -0.68993   0.03241  
 45  1.5299   4716.570437  x:  0.11016   0.18364   0.15237   0.25500   0.10589   0.10706   0.25683   0.16362   0.25897   0.07221   0.10298   0.00000   0.03317   0.05695   0.33540   0.07349   0.07331   0.08261   0.00484   0.01868   0.19715   0.04526   0.05086   0.23754   0.36915   0.44586   0.50818   0.46003   0.23584   0.16124   0.43057   0.08626   0.04862   0.40078   0.46090   0.51000   0.53437   0.16781   0.50200   0.00000   0.00000   1.45693   3.07336  -0.86255   0.03245  
 46 22.3207   4716.480084  x:  0.10739   0.18248   0.15524   0.25669   0.09278   0.10861   0.25387   0.16530   0.25271   0.07276   0.10394   0.00000   0.03291   0.05728   0.33657   0.07349   0.07409   0.08277   0.00474   0.01893   0.19760   0.04481   0.05063   0.23557   0.36965   0.45204   0.50227   0.47413   0.22905   0.16555   0.43252   0.08366   0.04849   0.39557   0.46529   0.51900   0.51344   0.16917   0.51410   0.00000   0.00000   1.45682   3.07264  -0.87371   0.03239  
 47  4.3669   4716.063549  x:  0.12020   0.17774   0.16757   0.27301   0.09870   0.11427   0.25565   0.17552   0.23825   0.07151   0.10156   0.00000   0.03275   0.05907   0.34107   0.07567   0.07249   0.08385   0.00483   0.01924   0.19657   0.04494   0.05012   0.23694   0.38535   0.44945   0.49969   0.45415   0.21248   0.17634   0.43785   0.07760   0.03585   0.42062   0.48728   0.52882   0.49752   0.17551   0.49270   0.00000   0.00000   1.45581   3.08746  -0.91694   0.03220  
 48  0.3456   4713.182889  x:  0.12461   0.18343   0.16944   0.26384   0.08852   0.13462   0.27656   0.17164   0.23135   0.06571   0.13523   0.00000   0.02651   0.06877   0.35470   0.10265   0.06211   0.08630   0.00533   0.01693   0.17715   0.05406   0.04651   0.20949   0.38877   0.43824   0.52077   0.48639   0.24235   0.17269   0.48448   0.09253   0.06775   0.42671   0.46353   0.54944   0.50852   0.18054   0.49663   0.00000   0.00000   1.45130   3.20443  -1.23995   0.03052  
 49  8.0638   4713.098261  x:  0.12493   0.17981   0.15837   0.26197   0.09757   0.12752   0.27324   0.18087   0.22229   0.06635   0.13607   0.00000   0.02672   0.06935   0.35564   0.10281   0.06226   0.08762   0.00552   0.01717   0.17977   0.05384   0.04633   0.21073   0.39448   0.44112   0.51682   0.48433   0.24918   0.17736   0.49158   0.08825   0.06721   0.41714   0.46925   0.54260   0.51150   0.18582   0.50442   0.00000   0.00000   1.45114   3.20796  -1.24935   0.03050  
 50  5.2495   4711.322044  x:  0.10407   0.18804   0.16471   0.27298   0.08478   0.11659   0.30109   0.17290   0.26075   0.02632   0.14097   0.00000   0.02560   0.05946   0.38146   0.08045   0.05756   0.08094   0.00578   0.01602   0.19672   0.04284   0.06003   0.21747   0.43662   0.42085   0.53615   0.47421   0.26551   0.19158   0.53457   0.06969   0.06214   0.42370   0.47429   0.56905   0.51997   0.19286   0.51942   0.00000   0.00000   1.47081   3.23563  -1.63271   0.02948  
 51  0.2422   4710.712614  x:  0.10319   0.18978   0.16715   0.27177   0.07840   0.11506   0.29850   0.16179   0.26935   0.02234   0.13248   0.00000   0.02853   0.06198   0.40365   0.08279   0.06876   0.07838   0.00600   0.01560   0.19520   0.05308   0.05222   0.22686   0.46813   0.41987   0.55418   0.47224   0.27790   0.19294   0.55125   0.06421   0.06291   0.43617   0.47573   0.58491   0.51693   0.18262   0.53480   0.00000   0.00000   1.48153   3.20015  -1.90921   0.02963  
 52  0.1689   4710.474172  x:  0.11020   0.18729   0.16598   0.27197   0.07472   0.11481   0.29406   0.16156   0.28130   0.01696   0.13316   0.00000   0.02970   0.06009   0.41844   0.08468   0.06131   0.08682   0.00519   0.01575   0.19600   0.04995   0.04885   0.22508   0.48349   0.42840   0.55997   0.47064   0.28428   0.19642   0.55734   0.06401   0.06479   0.43780   0.47344   0.59231   0.51646   0.18169   0.53200   0.00000   0.00000   1.47923   3.21556  -2.03588   0.02982  
 53  0.1084   4710.372418  x:  0.11133   0.18808   0.16478   0.27362   0.07496   0.11928   0.29117   0.16213   0.28578   0.01653   0.13664   0.00000   0.03069   0.06046   0.42679   0.08461   0.06167   0.08438   0.00605   0.01597   0.19759   0.04703   0.05445   0.22516   0.49402   0.43845   0.56406   0.46933   0.28148   0.18966   0.55277   0.06811   0.06790   0.43530   0.46766   0.59533   0.51388   0.18326   0.52813   0.00000   0.00000   1.47458   3.24763  -2.07430   0.02991  
 54  0.0437   4710.344654  x:  0.10938   0.18724   0.16319   0.27588   0.07588   0.11986   0.29555   0.16222   0.28811   0.01629   0.13732   0.00000   0.03032   0.05913   0.42965   0.08407   0.06225   0.08247   0.00535   0.01631   0.19709   0.04820   0.05350   0.22459   0.49934   0.44210   0.56260   0.46628   0.27922   0.18561   0.54756   0.07013   0.06861   0.43064   0.46698   0.59548   0.51466   0.18421   0.52716   0.00000   0.00000   1.47196   3.24537  -2.09514   0.02989  
 55  0.0220   4710.333192  x:  0.10812   0.18797   0.16296   0.27582   0.07623   0.12167   0.29394   0.16183   0.28897   0.01498   0.13733   0.00000   0.03008   0.05985   0.42995   0.08347   0.06195   0.08314   0.00577   0.01629   0.19730   0.04887   0.05189   0.22464   0.50169   0.44423   0.56123   0.46547   0.27594   0.18233   0.54137   0.07225   0.06924   0.42799   0.46753   0.59569   0.51547   0.18277   0.52626   0.00000   0.00000   1.47143   3.23823  -2.10066   0.02988  
 56  0.0118   4710.324870  x:  0.10887   0.18786   0.16275   0.27613   0.07683   0.12196   0.29318   0.16261   0.28955   0.01338   0.13618   0.00000   0.02963   0.06075   0.42907   0.08422   0.06174   0.08401   0.00553   0.01634   0.19662   0.04883   0.05283   0.22489   0.50380   0.44419   0.55681   0.46568   0.27531   0.18098   0.53448   0.07449   0.06890   0.42606   0.46861   0.59530   0.51643   0.18149   0.52703   0.00000   0.00000   1.47241   3.23521  -2.09610   0.02990  
 57  0.0065   4710.320473  x:  0.10960   0.18778   0.16289   0.27778   0.07573   0.12182   0.29484   0.16283   0.28996   0.01165   0.13611   0.00000   0.02920   0.06035   0.42846   0.08406   0.06210   0.08329   0.00562   0.01629   0.19710   0.04805   0.05266   0.22495   0.50586   0.44389   0.55406   0.46495   0.27751   0.18087   0.53193   0.07445   0.06903   0.42676   0.46931   0.59649   0.51769   0.18214   0.52827   0.00000   0.00000   1.47407   3.24603  -2.10077   0.02990  
 58  0.0079   4710.317185  x:  0.10884   0.18808   0.16314   0.27828   0.07572   0.12117   0.29465   0.16311   0.29084   0.01059   0.13704   0.00000   0.02928   0.06057   0.42887   0.08382   0.06166   0.08324   0.00563   0.01628   0.19720   0.04872   0.05277   0.22502   0.50662   0.44293   0.55429   0.46661   0.27957   0.18152   0.53117   0.07302   0.06859   0.42852   0.46834   0.59822   0.51920   0.18309   0.53004   0.00000   0.00000   1.47347   3.25314  -2.12750   0.02990  
 59  0.0143   4710.312671  x:  0.10809   0.18881   0.16268   0.27899   0.07614   0.12145   0.29486   0.16243   0.29059   0.01162   0.13765   0.00000   0.02951   0.06021   0.42864   0.08412   0.06240   0.08398   0.00562   0.01619   0.19643   0.04862   0.05257   0.22427   0.50654   0.44336   0.55552   0.46816   0.27900   0.18263   0.53045   0.07328   0.06936   0.42941   0.46913   0.60127   0.52088   0.18339   0.53138   0.00000   0.00000   1.47045   3.24918  -2.19236   0.02987  
 60  0.0206   4710.302590  x:  0.10924   0.18847   0.16202   0.27825   0.07629   0.12087   0.29137   0.16384   0.28818   0.01413   0.13711   0.00000   0.03011   0.06017   0.42796   0.08435   0.06118   0.08254   0.00556   0.01617   0.19628   0.04813   0.05231   0.22358   0.50152   0.44460   0.55693   0.47098   0.27629   0.18406   0.52812   0.07332   0.06877   0.42890   0.46957   0.60427   0.52187   0.18268   0.53141   0.00000   0.00000   1.46745   3.24584  -2.31795   0.02986  
 61  0.0268   4710.280548  x:  0.10856   0.18687   0.16267   0.27858   0.07480   0.11941   0.29415   0.16596   0.28550   0.01547   0.13553   0.00000   0.03036   0.05889   0.42537   0.08300   0.06218   0.08377   0.00567   0.01630   0.19737   0.04833   0.05327   0.22357   0.49505   0.44587   0.55574   0.46758   0.27678   0.18310   0.52806   0.07233   0.06641   0.42677   0.46903   0.60497   0.52042   0.18305   0.53002   0.00000   0.00000   1.46829   3.26780  -2.57895   0.02991  
 62  0.0649   4710.255381  x:  0.10835   0.18729   0.16193   0.28037   0.07575   0.11860   0.29514   0.16155   0.29119   0.01289   0.13714   0.00000   0.03028   0.06061   0.42479   0.08485   0.06206   0.08279   0.00553   0.01634   0.19707   0.04824   0.05198   0.22354   0.49820   0.44435   0.55352   0.46356   0.28051   0.18189   0.53062   0.07268   0.06759   0.42572   0.46755   0.60259   0.51930   0.18222   0.52704   0.00000   0.00000   1.47221   3.27762  -3.00510   0.03016  
 63  0.1354   4710.241459  x:  0.10899   0.18744   0.16152   0.27968   0.07443   0.11743   0.29339   0.16234   0.28938   0.01329   0.13756   0.00000   0.02947   0.05940   0.42466   0.08341   0.06115   0.08323   0.00563   0.01614   0.19620   0.04861   0.05265   0.22172   0.49784   0.44278   0.55060   0.46548   0.27998   0.18310   0.53160   0.07284   0.06852   0.42620   0.46706   0.60404   0.51712   0.18172   0.52732   0.00000   0.00000   1.46765   3.27132  -3.44347   0.03027  
 64  0.1962   4710.234234  x:  0.10819   0.18707   0.16242   0.27764   0.07616   0.11709   0.29322   0.16204   0.28744   0.01270   0.13779   0.00000   0.02932   0.06027   0.42332   0.08358   0.06190   0.08300   0.00555   0.01619   0.19612   0.04799   0.05256   0.22223   0.49891   0.44261   0.54966   0.46723   0.27848   0.18311   0.53288   0.07095   0.06839   0.42645   0.46483   0.60221   0.51717   0.18244   0.52766   0.00000   0.00000   1.46303   3.27529  -3.87558   0.03030  
 65  0.1901   4710.229705  x:  0.10883   0.18779   0.16237   0.27778   0.07501   0.11743   0.29428   0.16161   0.28859   0.01204   0.13668   0.00000   0.02926   0.06014   0.42384   0.08370   0.06146   0.08291   0.00560   0.01616   0.19582   0.04855   0.05224   0.22270   0.50230   0.44396   0.54982   0.46633   0.27938   0.18480   0.53367   0.07151   0.06780   0.42684   0.46537   0.59990   0.51874   0.18291   0.52702   0.00000   0.00000   1.46156   3.27395  -4.34661   0.03033  
 66  0.1599   4710.225786  x:  0.10800   0.18815   0.16237   0.27834   0.07492   0.11783   0.29433   0.16265   0.28891   0.01194   0.13709   0.00000   0.02949   0.05986   0.42363   0.08354   0.06146   0.08317   0.00557   0.01616   0.19614   0.04796   0.05265   0.22190   0.50119   0.44475   0.55125   0.46833   0.27845   0.18366   0.53295   0.07049   0.06772   0.42738   0.46673   0.59718   0.52037   0.18252   0.52848   0.00000   0.00000   1.46191   3.27591  -4.94214   0.03025  
 67  0.1759   4710.224149  x:  0.10838   0.18792   0.16217   0.27866   0.07547   0.11749   0.29471   0.16267   0.28948   0.01198   0.13752   0.00000   0.02955   0.05996   0.42398   0.08354   0.06166   0.08288   0.00559   0.01620   0.19593   0.04833   0.05242   0.22192   0.50073   0.44528   0.55180   0.46879   0.27889   0.18358   0.53269   0.07151   0.06800   0.42821   0.46777   0.59560   0.52023   0.18240   0.52925   0.00000   0.00000   1.46292   3.28001  -5.40059   0.03030  
 68  0.2204   4710.223625  x:  0.10838   0.18764   0.16212   0.27866   0.07543   0.11747   0.29547   0.16249   0.28858   0.01199   0.13758   0.00000   0.02940   0.05994   0.42458   0.08361   0.06145   0.08303   0.00558   0.01618   0.19593   0.04819   0.05244   0.22186   0.49990   0.44535   0.55162   0.46859   0.27877   0.18281   0.53199   0.07166   0.06797   0.42799   0.46807   0.59507   0.52004   0.18209   0.52893   0.00000   0.00000   1.46309   3.27842  -5.77950   0.03032  
 69  0.1530   4710.223183  x:  0.10837   0.18785   0.16206   0.27867   0.07537   0.11734   0.29559   0.16245   0.28820   0.01228   0.13766   0.00000   0.02940   0.06012   0.42496   0.08348   0.06169   0.08296   0.00558   0.01617   0.19614   0.04820   0.05251   0.22199   0.49955   0.44491   0.55161   0.46894   0.27894   0.18364   0.53239   0.07139   0.06778   0.42782   0.46802   0.59595   0.52024   0.18249   0.52869   0.00000   0.00000   1.46220   3.27884  -6.26390   0.03032  
 70  0.1332   4710.222734  x:  0.10825   0.18786   0.16216   0.27888   0.07534   0.11749   0.29490   0.16252   0.28881   0.01235   0.13741   0.00000   0.02934   0.05995   0.42499   0.08377   0.06154   0.08296   0.00559   0.01618   0.19621   0.04827   0.05238   0.22202   0.49967   0.44469   0.55125   0.46863   0.27887   0.18358   0.53223   0.07156   0.06772   0.42743   0.46757   0.59712   0.52008   0.18229   0.52865   0.00000   0.00000   1.46276   3.27918  -6.86546   0.03031  
 71  0.1781   4710.222478  x:  0.10839   0.18780   0.16213   0.27882   0.07529   0.11727   0.29476   0.16241   0.28892   0.01236   0.13762   0.00000   0.02940   0.06001   0.42446   0.08349   0.06154   0.08302   0.00557   0.01619   0.19620   0.04820   0.05247   0.22197   0.49965   0.44496   0.55145   0.46844   0.27894   0.18360   0.53273   0.07124   0.06802   0.42786   0.46756   0.59774   0.52016   0.18235   0.52882   0.00000   0.00000   1.46296   3.28086  -7.55109   0.03031  
 72  0.2873   4710.222368  x:  0.10832   0.18773   0.16207   0.27876   0.07532   0.11729   0.29489   0.16254   0.28868   0.01230   0.13754   0.00000   0.02938   0.06001   0.42434   0.08365   0.06159   0.08295   0.00559   0.01620   0.19598   0.04825   0.05246   0.22196   0.49986   0.44510   0.55148   0.46849   0.27905   0.18347   0.53273   0.07140   0.06786   0.42784   0.46730   0.59750   0.52013   0.18238   0.52895   0.00000   0.00000   1.46280   3.27941  -8.21947   0.03031  
 73  0.2740   4710.222303  x:  0.10838   0.18777   0.16212   0.27885   0.07528   0.11735   0.29496   0.16249   0.28879   0.01213   0.13752   0.00000   0.02941   0.06001   0.42442   0.08353   0.06152   0.08300   0.00557   0.01618   0.19605   0.04822   0.05243   0.22194   0.50007   0.44513   0.55148   0.46843   0.27900   0.18352   0.53264   0.07135   0.06793   0.42774   0.46761   0.59733   0.52017   0.18233   0.52867   0.00000   0.00000   1.46274   3.27986  -9.05364   0.03031  
 74  0.2951   4710.222274  x:  0.10834   0.18775   0.16212   0.27875   0.07533   0.11732   0.29492   0.16253   0.28880   0.01218   0.13756   0.00000   0.02943   0.05997   0.42442   0.08361   0.06158   0.08297   0.00559   0.01618   0.19605   0.04823   0.05247   0.22192   0.49995   0.44501   0.55149   0.46864   0.27909   0.18355   0.53268   0.07133   0.06789   0.42781   0.46747   0.59725   0.52005   0.18234   0.52877   0.00000   0.00000   1.46271   3.27987  -9.82303   0.03031  
 75  0.3248   4710.222263  x:  0.10837   0.18775   0.16210   0.27873   0.07533   0.11733   0.29495   0.16246   0.28880   0.01219   0.13753   0.00000   0.02943   0.05998   0.42441   0.08357   0.06156   0.08298   0.00558   0.01619   0.19607   0.04823   0.05244   0.22195   0.49998   0.44499   0.55144   0.46849   0.27902   0.18352   0.53252   0.07138   0.06792   0.42775   0.46752   0.59725   0.52001   0.18234   0.52868   0.00000   0.00000   1.46276   3.27948  -10.60491   0.03031  
 76  0.3066   4710.222257  x:  0.10835   0.18776   0.16211   0.27873   0.07532   0.11729   0.29491   0.16248   0.28879   0.01222   0.13756   0.00000   0.02943   0.05997   0.42442   0.08359   0.06156   0.08298   0.00558   0.01619   0.19606   0.04822   0.05245   0.22193   0.49994   0.44499   0.55152   0.46855   0.27908   0.18357   0.53261   0.07132   0.06791   0.42782   0.46744   0.59726   0.52004   0.18236   0.52876   0.00000   0.00000   1.46270   3.27983  -11.38420   0.03032  
 77  0.3068   4710.222254  x:  0.10836   0.18777   0.16212   0.27874   0.07532   0.11733   0.29490   0.16248   0.28877   0.01222   0.13754   0.00000   0.02942   0.05999   0.42442   0.08358   0.06157   0.08298   0.00558   0.01619   0.19607   0.04823   0.05245   0.22194   0.49993   0.44500   0.55152   0.46848   0.27901   0.18353   0.53257   0.07137   0.06790   0.42777   0.46748   0.59724   0.52004   0.18235   0.52876   0.00000   0.00000   1.46276   3.27963  -12.19080   0.03031  
 78  0.3303   4710.222253  x:  0.10835   0.18777   0.16212   0.27876   0.07531   0.11732   0.29490   0.16248   0.28879   0.01222   0.13755   0.00000   0.02941   0.05999   0.42443   0.08359   0.06156   0.08298   0.00558   0.01619   0.19607   0.04823   0.05245   0.22194   0.49993   0.44501   0.55152   0.46850   0.27902   0.18355   0.53260   0.07135   0.06791   0.42779   0.46749   0.59726   0.52008   0.18235   0.52878   0.00000   0.00000   1.46273   3.27979  -12.86566   0.03031  
 79  0.3068   4710.222253  x:  0.10835   0.18777   0.16212   0.27875   0.07532   0.11733   0.29491   0.16249   0.28878   0.01222   0.13754   0.00000   0.02941   0.05999   0.42443   0.08359   0.06157   0.08298   0.00558   0.01619   0.19607   0.04823   0.05245   0.22194   0.49992   0.44501   0.55149   0.46852   0.27902   0.18353   0.53261   0.07136   0.06790   0.42778   0.46749   0.59727   0.52008   0.18235   0.52877   0.00000   0.00000   1.46275   3.27971  -13.72648   0.03031  
 80  0.2867   4710.222252  x:  0.10835   0.18777   0.16211   0.27876   0.07532   0.11732   0.29492   0.16249   0.28879   0.01221   0.13754   0.00000   0.02942   0.05999   0.42443   0.08358   0.06156   0.08298   0.00558   0.01619   0.19606   0.04823   0.05245   0.22194   0.49994   0.44502   0.55147   0.46852   0.27903   0.18353   0.53261   0.07135   0.06791   0.42779   0.46749   0.59727   0.52008   0.18235   0.52876   0.00000   0.00000   1.46274   3.27975  -14.39248   0.03031  
 81  0.2983   4710.222252  x:  0.10835   0.18777   0.16211   0.27876   0.07532   0.11732   0.29492   0.16249   0.28878   0.01221   0.13754   0.00000   0.02942   0.05999   0.42443   0.08359   0.06156   0.08298   0.00558   0.01619   0.19606   0.04823   0.05245   0.22194   0.49993   0.44501   0.55147   0.46853   0.27903   0.18353   0.53261   0.07135   0.06791   0.42779   0.46749   0.59727   0.52007   0.18235   0.52876   0.00000   0.00000   1.46275   3.27974  -15.12559   0.03031  
 82  0.2477   4710.222252  x:  0.10835   0.18777   0.16211   0.27875   0.07532   0.11732   0.29492   0.16249   0.28879   0.01221   0.13755   0.00000   0.02942   0.05999   0.42443   0.08358   0.06156   0.08298   0.00558   0.01619   0.19606   0.04823   0.05245   0.22194   0.49994   0.44501   0.55148   0.46851   0.27903   0.18354   0.53260   0.07136   0.06791   0.42778   0.46749   0.59727   0.52007   0.18235   0.52876   0.00000   0.00000   1.46274   3.27974  -15.93499   0.03031  
 83  0.2611   4710.222252  x:  0.10835   0.18777   0.16211   0.27875   0.07532   0.11732   0.29491   0.16249   0.28879   0.01221   0.13755   0.00000   0.02942   0.05999   0.42443   0.08359   0.06156   0.08298   0.00558   0.01619   0.19606   0.04823   0.05245   0.22194   0.49994   0.44501   0.55148   0.46852   0.27903   0.18354   0.53260   0.07135   0.06791   0.42778   0.46749   0.59727   0.52007   0.18235   0.52876   0.00000   0.00000   1.46274   3.27973  -16.17833   0.03031  
 84  0.1521   4710.222252  x:  0.10835   0.18777   0.16211   0.27875   0.07532   0.11732   0.29492   0.16249   0.28879   0.01221   0.13754   0.00000   0.02942   0.05999   0.42443   0.08359   0.06156   0.08298   0.00558   0.01619   0.19607   0.04823   0.05245   0.22194   0.49994   0.44501   0.55149   0.46852   0.27903   0.18354   0.53260   0.07135   0.06791   0.42779   0.46749   0.59727   0.52007   0.18235   0.52876   0.00000   0.00000   1.46274   3.27973  -17.30346   0.03031  
 85  0.2408   4710.222252  x:  0.10835   0.18777   0.16211   0.27875   0.07532   0.11732   0.29492   0.16249   0.28879   0.01221   0.13754   0.00000   0.02942   0.05999   0.42443   0.08359   0.06156   0.08298   0.00558   0.01619   0.19607   0.04823   0.05245   0.22194   0.49994   0.44501   0.55149   0.46852   0.27903   0.18354   0.53260   0.07135   0.06791   0.42779   0.46749   0.59727   0.52007   0.18235   0.52876   0.00000   0.00000   1.46274   3.27973  -18.42859   0.03031  
 86  0.7526   4710.222252  x:  0.10835   0.18777   0.16211   0.27875   0.07532   0.11732   0.29492   0.16249   0.28879   0.01221   0.13754   0.00000   0.02942   0.05999   0.42443   0.08359   0.06156   0.08298   0.00558   0.01619   0.19607   0.04823   0.05245   0.22194   0.49994   0.44501   0.55149   0.46852   0.27903   0.18354   0.53260   0.07135   0.06791   0.42778   0.46749   0.59727   0.52007   0.18235   0.52876   0.00000   0.00000   1.46274   3.27974  -18.14128   0.03031  
 87  0.2950   4710.222252  x:  0.10835   0.18777   0.16211   0.27875   0.07532   0.11732   0.29492   0.16249   0.28879   0.01221   0.13755   0.00000   0.02942   0.05999   0.42443   0.08359   0.06156   0.08298   0.00558   0.01619   0.19606   0.04823   0.05245   0.22194   0.49994   0.44501   0.55148   0.46852   0.27903   0.18354   0.53260   0.07135   0.06791   0.42778   0.46749   0.59727   0.52007   0.18235   0.52876   0.00000   0.00000   1.46274   3.27974  -18.38189   0.03031  
 88  0.3111   4710.222252  x:  0.10835   0.18777   0.16211   0.27875   0.07532   0.11732   0.29492   0.16249   0.28879   0.01221   0.13755   0.00000   0.02942   0.05999   0.42443   0.08359   0.06156   0.08298   0.00558   0.01619   0.19606   0.04823   0.05245   0.22194   0.49994   0.44501   0.55148   0.46852   0.27903   0.18354   0.53260   0.07135   0.06791   0.42778   0.46749   0.59727   0.52007   0.18235   0.52876   0.00000   0.00000   1.46274   3.27973  -18.40671   0.03031  
 89  0.0620   4710.222252  x:  0.10835   0.18777   0.16211   0.27875   0.07532   0.11732   0.29492   0.16249   0.28879   0.01221   0.13755   0.00000   0.02942   0.05999   0.42443   0.08359   0.06156   0.08298   0.00558   0.01619   0.19606   0.04823   0.05245   0.22194   0.49994   0.44501   0.55148   0.46852   0.27903   0.18354   0.53260   0.07135   0.06791   0.42778   0.46749   0.59727   0.52007   0.18235   0.52876   0.00000   0.00000   1.46274   3.27973  -18.40709   0.03031  
 90  0.7734   4710.222252  x:  0.10835   0.18777   0.16211   0.27875   0.07532   0.11732   0.29492   0.16249   0.28879   0.01221   0.13755   0.00000   0.02942   0.05999   0.42443   0.08359   0.06156   0.08298   0.00558   0.01619   0.19606   0.04823   0.05245   0.22194   0.49994   0.44501   0.55148   0.46852   0.27903   0.18354   0.53260   0.07135   0.06791   0.42778   0.46749   0.59727   0.52007   0.18235   0.52876   0.00000   0.00000   1.46274   3.27973  -18.40709   0.03031  7926   0.13058   0.28072   0.16113   0.28364   0.01961   0.13670   0.00000   0.02987   0.06062   0.42647   0.08448   0.06226   0.08393   0.00561   0.01640   0.19798   0.04883   0.05292   0.22687   0.49551   0.44490   0.58393   0.47273   0.27103   0.18727   0.53024   0.07130   0.07195   0.43293   0.45971   0.60794   0.52109   0.18094   0.53010   0.00000   0.00000   1.48096   3.66663  -1.13110   0.02971   4.47221  
 90 11.6370   4708.557296  x:  0.11155   0.18912   0.17313   0.27066   0.07812   0.12958   0.28345   0.15865   0.28314   0.01830   0.13521   0.00000   0.02990   0.06066   0.42692   0.08454   0.06223   0.08389   0.00561   0.01639   0.19597   0.04885   0.05290   0.22660   0.49700   0.44558   0.57647   0.47369   0.27079   0.18668   0.52929   0.07335   0.07263   0.43385   0.45626   0.60681   0.51743   0.18218   0.52798   0.00000   0.00000   1.48146   3.66016  -1.14931   0.02975   4.48121  
 91  4.7952   4708.548951  x:  0.10960   0.18956   0.17084   0.26997   0.07860   0.12914   0.28452   0.15702   0.28302   0.01751   0.13644   0.00000   0.02974   0.06057   0.42734   0.08444   0.06221   0.08390   0.00561   0.01639   0.19840   0.04878   0.05291   0.22698   0.49838   0.44625   0.57083   0.47455   0.27068   0.18474   0.52933   0.07369   0.07173   0.43412   0.45334   0.60658   0.51486   0.18076   0.52666   0.00000   0.00000   1.48165   3.65900  -1.16272   0.02979   4.48769  
 92  4.8266   4708.527976  x:  0.11112   0.18952   0.16997   0.27098   0.08735   0.13127   0.28334   0.16072   0.28526   0.01525   0.13673   0.00000   0.02970   0.06060   0.42687   0.08441   0.06214   0.08381   0.00560   0.01637   0.19726   0.04876   0.05284   0.22524   0.50026   0.44764   0.56191   0.47624   0.27147   0.18231   0.53153   0.07274   0.07448   0.43320   0.45207   0.60876   0.51408   0.17926   0.52813   0.00000   0.00000   1.48056   3.67414  -1.19925   0.02978   4.50455  
 93  2.4283   4708.446154  x:  0.10930   0.18662   0.17202   0.27145   0.07832   0.12761   0.27693   0.17033   0.29269   0.01018   0.13483   0.00000   0.02951   0.06029   0.42470   0.08409   0.06183   0.08348   0.00558   0.01630   0.19719   0.04848   0.05268   0.22843   0.50629   0.44843   0.54257   0.47720   0.26627   0.18348   0.53765   0.07253   0.07190   0.43076   0.45666   0.60825   0.52122   0.18252   0.53351   0.00000   0.00000   1.47662   3.75197  -1.34298   0.02984   4.57049  
 94  8.1520   4708.335037  x:  0.10769   0.18991   0.16683   0.27518   0.07600   0.12342   0.28902   0.16183   0.28955   0.00741   0.13902   0.00000   0.02934   0.05997   0.42609   0.08351   0.06154   0.08292   0.00555   0.01621   0.19596   0.04826   0.05233   0.21662   0.50920   0.44180   0.54149   0.47146   0.27252   0.19419   0.53205   0.06713   0.06602   0.43054   0.46577   0.60379   0.52511   0.18031   0.53137   0.00000   0.00000   1.47080   3.86535  -1.53842   0.02997   4.66075  
 95 17.4023   4708.283080  x:  0.10812   0.19010   0.16483   0.27689   0.07940   0.11947   0.30016   0.15885   0.28897   0.00877   0.13347   0.00000   0.02917   0.05977   0.42602   0.08335   0.06124   0.08284   0.00553   0.01617   0.19586   0.04804   0.05229   0.22722   0.50587   0.44020   0.54791   0.46655   0.27672   0.19237   0.52981   0.06759   0.06461   0.43025   0.46757   0.59996   0.52245   0.17878   0.52789   0.00000   0.00000   1.46810   3.91996  -1.63151   0.03001   4.70431  
 96 22.2214   4708.264310  x:  0.10854   0.18787   0.16600   0.27598   0.07866   0.11485   0.30375   0.16085   0.28924   0.00990   0.13482   0.00000   0.02919   0.05971   0.42509   0.08325   0.06122   0.08270   0.00553   0.01615   0.19560   0.04800   0.05222   0.22378   0.50145   0.44095   0.55313   0.46307   0.27754   0.18431   0.53037   0.07095   0.06630   0.42901   0.46605   0.59572   0.51790   0.18015   0.52584   0.00000   0.00000   1.46784   3.93931  -1.66570   0.03007   4.72119  
 97  7.3666   4708.260488  x:  0.10859   0.18762   0.16678   0.27476   0.07903   0.11438   0.29955   0.16107   0.28803   0.01144   0.13465   0.00000   0.02920   0.05969   0.42512   0.08323   0.06121   0.08266   0.00553   0.01615   0.19554   0.04798   0.05220   0.22387   0.49872   0.44096   0.55321   0.46351   0.28020   0.18402   0.52714   0.07149   0.06595   0.42643   0.46642   0.59231   0.51452   0.18017   0.52627   0.00000   0.00000   1.46937   3.94258  -1.67526   0.03011   4.72763  
 98  1.2632   4708.257962  x:  0.10799   0.18963   0.16718   0.27416   0.07980   0.11537   0.29889   0.16248   0.28575   0.01282   0.13466   0.00000   0.02922   0.05968   0.42483   0.08323   0.06122   0.08268   0.00553   0.01615   0.19554   0.04800   0.05220   0.22382   0.49693   0.43953   0.55248   0.46380   0.27763   0.18292   0.52635   0.07218   0.06579   0.42809   0.46859   0.59074   0.51450   0.17888   0.52586   0.00000   0.00000   1.47010   3.94232  -1.68886   0.03013   4.74045  
 99  0.5869   4708.243760  x:  0.10862   0.18528   0.16341   0.27370   0.08276   0.11833   0.29925   0.15885   0.28564   0.01576   0.13521   0.00000   0.02926   0.05973   0.42573   0.08336   0.06133   0.08272   0.00554   0.01616   0.19564   0.04804   0.05227   0.22337   0.49050   0.43912   0.55034   0.46553   0.27214   0.18226   0.52594   0.07296   0.06644   0.42711   0.47016   0.58761   0.51990   0.18274   0.52686   0.00000   0.00000   1.47176   3.93677  -1.77709   0.03019   4.82654  
100  2.2399   4708.178956  x:  0.10531   0.19651   0.16515   0.28079   0.08395   0.11490   0.29767   0.16027   0.28958   0.01824   0.13736   0.00000   0.02959   0.06007   0.42263   0.08389   0.06184   0.08316   0.00562   0.01622   0.19646   0.04840   0.05259   0.22220   0.48979   0.44370   0.55315   0.46743   0.27444   0.18411   0.52961   0.07299   0.07131   0.41621   0.46376   0.58763   0.53235   0.17828   0.52993   0.00000   0.00000   1.47134   3.90816  -2.19822   0.03034   5.23986  
101 13.5790   4708.120142  x:  0.10659   0.19151   0.16602   0.28286   0.08326   0.11645   0.29023   0.16297   0.28711   0.01648   0.13840   0.00000   0.02987   0.06030   0.42745   0.08422   0.06224   0.08360   0.00569   0.01628   0.19727   0.04868   0.05290   0.22273   0.50405   0.44105   0.55799   0.46649   0.28508   0.18183   0.53593   0.07249   0.07206   0.42538   0.46945   0.59546   0.52477   0.18392   0.53202   0.00000   0.00000   1.46601   3.88284  -2.57802   0.03040   5.61361  
102 34.2235   4708.114486  x:  0.10670   0.19180   0.16689   0.28193   0.08333   0.11755   0.28841   0.16060   0.29142   0.01600   0.13867   0.00000   0.02992   0.06036   0.42383   0.08430   0.06229   0.08363   0.00569   0.01628   0.19723   0.04873   0.05292   0.22243   0.50319   0.44131   0.55822   0.46476   0.28411   0.18281   0.53657   0.07211   0.07136   0.42643   0.47182   0.59791   0.52090   0.18363   0.53054   0.00000   0.00000   1.46325   3.88106  -2.61539   0.03041   5.65085  
103  6.4067   4708.112850  x:  0.10671   0.19200   0.16750   0.28072   0.08331   0.11800   0.28829   0.16102   0.29215   0.01611   0.13873   0.00000   0.02991   0.06035   0.42636   0.08429   0.06230   0.08363   0.00570   0.01628   0.19724   0.04872   0.05294   0.22239   0.50247   0.44048   0.55817   0.46372   0.28268   0.18382   0.53671   0.07192   0.07135   0.42493   0.47154   0.59912   0.51949   0.18340   0.52977   0.00000   0.00000   1.46103   3.88157  -2.62847   0.03040   5.66455  
104  1.5027   4708.108391  x:  0.10689   0.19089   0.16758   0.27802   0.08371   0.11728   0.28845   0.16144   0.28872   0.01703   0.13846   0.00000   0.02993   0.06035   0.42339   0.08424   0.06225   0.08363   0.00569   0.01628   0.19714   0.04871   0.05291   0.22248   0.50261   0.43772   0.55743   0.46299   0.28174   0.18499   0.53699   0.07163   0.07140   0.42273   0.46925   0.60054   0.51920   0.18408   0.52995   0.00000   0.00000   1.45641   3.88575  -2.67007   0.03041   5.70972  
105  1.7407   4708.066701  x:  0.10712   0.19076   0.17073   0.27350   0.08296   0.11138   0.29005   0.16149   0.28801   0.01810   0.13869   0.00000   0.02973   0.06024   0.42514   0.08401   0.06195   0.08337   0.00565   0.01623   0.19650   0.04845   0.05279   0.22162   0.49351   0.44310   0.55207   0.46922   0.28803   0.18648   0.53566   0.07023   0.06850   0.43506   0.46364   0.60005   0.52402   0.18237   0.53282   0.00000   0.00000   1.44086   3.93210  -3.07579   0.03036   6.15358  
106  6.9060   4707.962077  x:  0.11068   0.18540   0.16965   0.29094   0.07878   0.11275   0.29551   0.16223   0.28602   0.00950   0.13809   0.00000   0.02907   0.05973   0.42344   0.08301   0.06102   0.08248   0.00553   0.01607   0.19438   0.04780   0.05208   0.22071   0.49928   0.44799   0.54935   0.47751   0.27695   0.19045   0.53839   0.06783   0.06407   0.43033   0.46303   0.60154   0.51555   0.17866   0.52229   0.00000   0.00000   1.45878   4.05480  -4.12954   0.03051   7.30828  
107 37.2294   4707.952656  x:  0.10986   0.18602   0.16963   0.29055   0.07819   0.11476   0.29583   0.16180   0.28859   0.00819   0.13781   0.00000   0.02900   0.05967   0.42343   0.08291   0.06095   0.08237   0.00551   0.01605   0.19423   0.04773   0.05201   0.22078   0.49984   0.44444   0.54857   0.47063   0.27643   0.18875   0.53318   0.06933   0.06419   0.43204   0.45967   0.60494   0.51647   0.17859   0.52761   0.00000   0.00000   1.46426   4.06536  -4.22551   0.03055   7.41399  
108 12.1459   4707.950485  x:  0.11007   0.18600   0.17035   0.28687   0.07857   0.11472   0.29592   0.16160   0.28868   0.00773   0.13777   0.00000   0.02899   0.05967   0.42348   0.08291   0.06095   0.08237   0.00551   0.01605   0.19425   0.04774   0.05201   0.22085   0.50084   0.44534   0.54838   0.47003   0.27756   0.18744   0.53159   0.07005   0.06418   0.43113   0.46116   0.60667   0.51903   0.17845   0.52493   0.00000   0.00000   1.46577   4.06707  -4.26106   0.03056   7.45456  
109  1.6021   4707.920285  x:  0.10745   0.18985   0.17105   0.28117   0.08158   0.11301   0.30192   0.15909   0.28886   0.00779   0.13784   0.00000   0.02911   0.05979   0.42399   0.08318   0.06116   0.08262   0.00553   0.01612   0.19514   0.04793   0.05219   0.22111   0.50471   0.45030   0.55269   0.47494   0.27434   0.18718   0.53112   0.07067   0.06502   0.42690   0.46838   0.60464   0.51742   0.17936   0.53761   0.00000   0.00000   1.46600   4.08719  -4.84680   0.03051   8.12855  
110  4.1801   4707.816297  x:  0.10691   0.19421   0.16278   0.30648   0.08394   0.11403   0.29312   0.16193   0.29388   0.01669   0.13645   0.00000   0.02973   0.06016   0.42463   0.08405   0.06199   0.08341   0.00560   0.01635   0.19817   0.04862   0.05282   0.22258   0.49883   0.43615   0.55554   0.46572   0.28115   0.18930   0.53630   0.06769   0.07041   0.42956   0.46715   0.59036   0.52941   0.18167   0.52805   0.00000   0.00000   1.45912   4.15797  -6.95346   0.03049  10.55290  
111 64.3389   4707.808773  x:  0.10688   0.19425   0.16068   0.31444   0.08103   0.11604   0.29317   0.16239   0.28984   0.01830   0.13638   0.00000   0.02975   0.06021   0.42454   0.08414   0.06203   0.08348   0.00561   0.01636   0.19837   0.04865   0.05288   0.22265   0.49636   0.44089   0.55372   0.46327   0.28207   0.18623   0.53220   0.06954   0.07062   0.42706   0.47047   0.59506   0.52990   0.18207   0.52846   0.00000   0.00000   1.45500   4.16259  -7.11213   0.03048  10.73427  
112 15.3189   4707.803933  x:  0.10708   0.19393   0.16014   0.31835   0.08080   0.11402   0.29320   0.16247   0.29245   0.01781   0.13658   0.00000   0.02977   0.06019   0.42451   0.08411   0.06202   0.08346   0.00561   0.01635   0.19826   0.04864   0.05287   0.22250   0.49703   0.43657   0.55449   0.46895   0.28142   0.18365   0.52760   0.07148   0.07060   0.42617   0.47114   0.59722   0.53004   0.18192   0.52801   0.00000   0.00000   1.45294   4.16396  -7.29297   0.03047  10.93390  
113  3.0422   4707.597151  x:  0.11043   0.18715   0.16810   0.39126   0.07878   0.11718   0.29001   0.15876   0.28143   0.01034   0.14000   0.00000   0.02908   0.05952   0.42336   0.08273   0.06080   0.08210   0.00557   0.01580   0.19146   0.04739   0.05182   0.21978   0.49328   0.44886   0.55304   0.47288   0.27928   0.18331   0.53683   0.07225   0.06440   0.42715   0.45946   0.60641   0.51872   0.17162   0.52550   0.00000   0.00000   1.45252   4.21594  -16.17734   0.03059  20.71409  
114 21.0749   4707.382170  x:  0.11185   0.19259   0.15511   0.52442   0.07716   0.11319   0.29810   0.16303   0.29190   0.01453   0.13592   0.00000   0.02956   0.06031   0.42446   0.08402   0.06193   0.08351   0.00560   0.01648   0.19876   0.04870   0.05283   0.22347   0.50217   0.44137   0.54934   0.46558   0.27602   0.18752   0.52915   0.07042   0.06836   0.42937   0.46896   0.60149   0.52406   0.17780   0.52398   0.00000   0.00000   1.45916   4.26185  -30.06683   0.03050  36.22582  
115  7.0021   4707.308733  x:  0.11021   0.19180   0.15983   0.59289   0.07906   0.11590   0.29382   0.16124   0.28990   0.01435   0.13664   0.00000   0.02950   0.06003   0.42438   0.08372   0.06167   0.08311   0.00558   0.01625   0.19704   0.04832   0.05259   0.22239   0.49894   0.44109   0.55416   0.46718   0.27906   0.18606   0.53176   0.06996   0.06864   0.42817   0.46772   0.60055   0.52370   0.17738   0.52540   0.00000   0.00000   1.45676   4.09844  -38.23769   0.03049  45.17231  
116  8.4502   4707.259464  x:  0.10946   0.19117   0.16539   0.68631   0.08139   0.11682   0.29189   0.15942   0.28740   0.01357   0.13845   0.00000   0.02944   0.05981   0.42379   0.08343   0.06140   0.08276   0.00557   0.01604   0.19479   0.04797   0.05234   0.22092   0.49562   0.44230   0.55630   0.46939   0.28155   0.18599   0.53498   0.07029   0.06765   0.42777   0.46385   0.60246   0.52412   0.17489   0.52592   0.00000   0.00000   1.45424   4.17561  -48.68344   0.03064  56.76185  
117 14.5368   4707.227937  x:  0.11122   0.19101   0.16131   0.83638   0.07951   0.11337   0.29507   0.16082   0.28818   0.01386   0.13728   0.00000   0.02944   0.06006   0.42409   0.08364   0.06162   0.08308   0.00560   0.01627   0.19609   0.04831   0.05251   0.22218   0.49830   0.44287   0.55084   0.46736   0.27723   0.18663   0.53175   0.07096   0.06676   0.42829   0.46521   0.60352   0.52077   0.17550   0.52453   0.00000   0.00000   1.45885   4.13850  -64.39095   0.03051  74.18102  
118 10.3089   4707.217445  x:  0.10977   0.19165   0.16352   0.94470   0.08096   0.11610   0.29360   0.16042   0.28921   0.01383   0.13739   0.00000   0.02942   0.05994   0.42411   0.08357   0.06153   0.08295   0.00557   0.01616   0.19630   0.04816   0.05248   0.22186   0.49791   0.44180   0.55541   0.46810   0.27976   0.18703   0.53342   0.06978   0.06824   0.42859   0.46572   0.60232   0.52395   0.17689   0.52592   0.00000   0.00000   1.45693   4.14704  -76.34276   0.03060  87.42409  
119  8.7738   4707.212947  x:  0.11038   0.19131   0.16294   1.07593   0.08053   0.11465   0.29363   0.16024   0.28806   0.01408   0.13769   0.00000   0.02949   0.05998   0.42401   0.08361   0.06159   0.08300   0.00559   0.01620   0.19565   0.04823   0.05248   0.22171   0.49716   0.44225   0.55294   0.46803   0.27900   0.18637   0.53293   0.07068   0.06715   0.42797   0.46495   0.60288   0.52223   0.17531   0.52518   0.00000   0.00000   1.45716   4.13824  -90.17055   0.03055  102.75056  
120  8.2333   4707.211328  x:  0.11026   0.19141   0.16308   1.15858   0.08065   0.11502   0.29399   0.16045   0.28864   0.01388   0.13746   0.00000   0.02943   0.05998   0.42407   0.08359   0.06155   0.08298   0.00558   0.01619   0.19607   0.04820   0.05248   0.22189   0.49778   0.44218   0.55373   0.46792   0.27893   0.18688   0.53298   0.07026   0.06760   0.42840   0.46529   0.60288   0.52272   0.17616   0.52542   0.00000   0.00000   1.45755   4.14344  -99.00000   0.03057  112.54029  
121  7.8106   4707.211328  x:  0.11026   0.19141   0.16308   1.15858   0.08065   0.11502   0.29399   0.16045   0.28864   0.01388   0.13746   0.00000   0.02943   0.05998   0.42407   0.08359   0.06155   0.08298   0.00558   0.01619   0.19607   0.04820   0.05248   0.22189   0.49778   0.44218   0.55373   0.46792   0.27893   0.18688   0.53298   0.07026   0.06760   0.42840   0.46529   0.60288   0.52272   0.17616   0.52542   0.00000   0.00000   1.45755   4.14344  -99.00000   0.03057  112.54029  
122 11.1664   4707.211328  x:  0.11026   0.19140   0.16308   1.15858   0.08065   0.11502   0.29399   0.16045   0.28864   0.01388   0.13746   0.00000   0.02943   0.05998   0.42407   0.08359   0.06155   0.08298   0.00558   0.01619   0.19607   0.04820   0.05248   0.22189   0.49778   0.44218   0.55373   0.46792   0.27893   0.18688   0.53298   0.07026   0.06760   0.42840   0.46529   0.60288   0.52272   0.17616   0.52542   0.00000   0.00000   1.45755   4.14344  -99.00000   0.03057  112.54029  
123  0.3100   4707.211326  x:  0.11025   0.19140   0.16308   1.15859   0.08065   0.11503   0.29398   0.16044   0.28864   0.01388   0.13747   0.00000   0.02944   0.05998   0.42407   0.08359   0.06156   0.08298   0.00559   0.01618   0.19606   0.04820   0.05248   0.22188   0.49778   0.44218   0.55373   0.46793   0.27894   0.18687   0.53299   0.07027   0.06759   0.42839   0.46529   0.60288   0.52272   0.17615   0.52542   0.00000   0.00000   1.45755   4.14344  -99.00000   0.03057  112.54029  
124  0.1195   4707.211322  x:  0.11022   0.19139   0.16309   1.15862   0.08066   0.11503   0.29397   0.16043   0.28863   0.01387   0.13748   0.00000   0.02946   0.05998   0.42407   0.08360   0.06157   0.08299   0.00558   0.01617   0.19602   0.04821   0.05248   0.22187   0.49777   0.44217   0.55373   0.46793   0.27895   0.18686   0.53299   0.07027   0.06758   0.42839   0.46528   0.60288   0.52273   0.17611   0.52543   0.00000   0.00000   1.45754   4.14344  -99.00000   0.03057  112.54029  
125  0.8343   4707.211319  x:  0.11020   0.19138   0.16309   1.15864   0.08067   0.11504   0.29396   0.16042   0.28863   0.01387   0.13750   0.00000   0.02947   0.05997   0.42407   0.08360   0.06158   0.08299   0.00558   0.01619   0.19600   0.04821   0.05249   0.22186   0.49776   0.44217   0.55373   0.46794   0.27896   0.18685   0.53300   0.07027   0.06757   0.42838   0.46528   0.60287   0.52273   0.17609   0.52543   0.00000   0.00000   1.45753   4.14343  -99.00000   0.03057  112.54029  
126  0.4191   4707.211316  x:  0.11019   0.19137   0.16310   1.15869   0.08068   0.11505   0.29395   0.16041   0.28862   0.01387   0.13751   0.00000   0.02944   0.05996   0.42407   0.08359   0.06156   0.08298   0.00558   0.01619   0.19597   0.04820   0.05248   0.22185   0.49775   0.44216   0.55373   0.46794   0.27898   0.18684   0.53301   0.07028   0.06755   0.42837   0.46527   0.60286   0.52273   0.17606   0.52543   0.00000   0.00000   1.45751   4.14343  -99.00000   0.03057  112.54029  
127  0.1693   4707.211312  x:  0.11021   0.19140   0.16312   1.15881   0.08070   0.11508   0.29391   0.16038   0.28861   0.01387   0.13752   0.00000   0.02945   0.05999   0.42406   0.08358   0.06153   0.08297   0.00558   0.01619   0.19597   0.04821   0.05248   0.22182   0.49772   0.44215   0.55373   0.46796   0.27903   0.18680   0.53303   0.07030   0.06754   0.42834   0.46526   0.60284   0.52275   0.17603   0.52543   0.00000   0.00000   1.45747   4.14342  -99.00000   0.03057  112.54029  
128  0.0983   4707.211304  x:  0.11026   0.19146   0.16315   1.15905   0.08071   0.11511   0.29384   0.16033   0.28859   0.01389   0.13752   0.00000   0.02943   0.06000   0.42406   0.08359   0.06157   0.08299   0.00558   0.01619   0.19599   0.04821   0.05247   0.22179   0.49767   0.44213   0.55373   0.46799   0.27911   0.18675   0.53307   0.07032   0.06754   0.42830   0.46525   0.60279   0.52277   0.17601   0.52545   0.00000   0.00000   1.45740   4.14339  -99.00000   0.03057  112.54028  
129  0.2385   4707.211298  x:  0.11025   0.19149   0.16315   1.15934   0.08069   0.11513   0.29378   0.16032   0.28858   0.01393   0.13751   0.00000   0.02946   0.05994   0.42405   0.08361   0.06155   0.08298   0.00558   0.01619   0.19603   0.04821   0.05249   0.22181   0.49763   0.44212   0.55374   0.46800   0.27916   0.18671   0.53309   0.07032   0.06758   0.42827   0.46525   0.60274   0.52279   0.17599   0.52545   0.00000   0.00000   1.45732   4.14335  -99.00000   0.03057  112.54028  
130  0.1652   4707.211289  x:  0.11020   0.19149   0.16313   1.15977   0.08065   0.11514   0.29371   0.16033   0.28857   0.01399   0.13749   0.00000   0.02948   0.05995   0.42405   0.08359   0.06155   0.08298   0.00558   0.01619   0.19605   0.04818   0.05246   0.22186   0.49758   0.44212   0.55375   0.46802   0.27921   0.18667   0.53309   0.07030   0.06763   0.42824   0.46526   0.60266   0.52281   0.17599   0.52545   0.00000   0.00000   1.45723   4.14330  -99.00000   0.03057  112.54028  
131  0.2710   4707.211280  x:  0.11015   0.19148   0.16310   1.16025   0.08060   0.11514   0.29366   0.16036   0.28856   0.01403   0.13747   0.00000   0.02944   0.05998   0.42405   0.08356   0.06157   0.08299   0.00558   0.01619   0.19604   0.04821   0.05248   0.22190   0.49754   0.44212   0.55377   0.46803   0.27925   0.18664   0.53309   0.07028   0.06767   0.42822   0.46528   0.60259   0.52283   0.17599   0.52544   0.00000   0.00000   1.45715   4.14323  -99.00000   0.03057  112.54028  
132  0.6167   4707.211263  x:  0.11018   0.19146   0.16302   1.16126   0.08052   0.11513   0.29361   0.16045   0.28852   0.01404   0.13747   0.00000   0.02942   0.06002   0.42406   0.08366   0.06154   0.08300   0.00558   0.01619   0.19596   0.04819   0.05249   0.22191   0.49746   0.44212   0.55383   0.46802   0.27925   0.18663   0.53306   0.07029   0.06766   0.42822   0.46531   0.60248   0.52284   0.17607   0.52544   0.00000   0.00000   1.45703   4.14307  -99.00000   0.03057  112.54027  
133  0.3182   4707.211234  x:  0.11026   0.19140   0.16292   1.16297   0.08044   0.11511   0.29359   0.16058   0.28846   0.01401   0.13749   0.00000   0.02947   0.05996   0.42406   0.08358   0.06156   0.08297   0.00558   0.01619   0.19589   0.04823   0.05246   0.22186   0.49737   0.44213   0.55392   0.46800   0.27921   0.18666   0.53299   0.07034   0.06757   0.42824   0.46536   0.60236   0.52284   0.17617   0.52543   0.00000   0.00000   1.45690   4.14279  -99.00000   0.03057  112.54026  
134  0.7176   4707.211204  x:  0.11027   0.19128   0.16286   1.16483   0.08048   0.11512   0.29364   0.16063   0.28841   0.01403   0.13754   0.00000   0.02946   0.05997   0.42406   0.08356   0.06155   0.08301   0.00558   0.01619   0.19602   0.04815   0.05254   0.22178   0.49738   0.44216   0.55398   0.46797   0.27913   0.18672   0.53291   0.07038   0.06748   0.42829   0.46539   0.60233   0.52282   0.17615   0.52541   0.00000   0.00000   1.45686   4.14246  -99.00000   0.03057  112.54025  
135  0.6236   4707.211184  x:  0.11027   0.19122   0.16285   1.16610   0.08053   0.11512   0.29369   0.16061   0.28839   0.01405   0.13755   0.00000   0.02944   0.05998   0.42406   0.08361   0.06156   0.08298   0.00558   0.01619   0.19610   0.04822   0.05246   0.22176   0.49742   0.44218   0.55400   0.46794   0.27907   0.18674   0.53286   0.07039   0.06745   0.42831   0.46541   0.60234   0.52279   0.17610   0.52539   0.00000   0.00000   1.45687   4.14222  -99.00000   0.03057  112.54024  
136  1.0016   4707.211144  x:  0.11033   0.19128   0.16290   1.16861   0.08061   0.11509   0.29383   0.16042   0.28842   0.01406   0.13748   0.00000   0.02945   0.05998   0.42405   0.08359   0.06158   0.08294   0.00558   0.01619   0.19598   0.04820   0.05249   0.22185   0.49758   0.44223   0.55394   0.46790   0.27893   0.18673   0.53281   0.07031   0.06756   0.42836   0.46541   0.60250   0.52274   0.17603   0.52535   0.00000   0.00000   1.45703   4.14164  -99.00000   0.03057  112.54023  
137  0.5755   4707.211134  x:  0.11032   0.19132   0.16290   1.16924   0.08058   0.11508   0.29386   0.16037   0.28844   0.01401   0.13747   0.00000   0.02946   0.05997   0.42405   0.08359   0.06154   0.08303   0.00558   0.01619   0.19597   0.04821   0.05247   0.22187   0.49761   0.44223   0.55390   0.46790   0.27891   0.18672   0.53283   0.07032   0.06758   0.42836   0.46539   0.60255   0.52272   0.17602   0.52534   0.00000   0.00000   1.45710   4.14145  -99.00000   0.03057  112.54023  
138  0.4969   4707.211115  x:  0.11023   0.19141   0.16284   1.17049   0.08041   0.11506   0.29390   0.16031   0.28852   0.01384   0.13750   0.00000   0.02945   0.05997   0.42406   0.08359   0.06156   0.08298   0.00558   0.01619   0.19601   0.04820   0.05248   0.22188   0.49767   0.44223   0.55377   0.46793   0.27892   0.18668   0.53293   0.07040   0.06759   0.42832   0.46531   0.60268   0.52271   0.17604   0.52533   0.00000   0.00000   1.45732   4.14098  -99.00000   0.03057  112.54022  
139  0.4221   4707.211103  x:  0.11025   0.19141   0.16280   1.17119   0.08033   0.11511   0.29393   0.16040   0.28863   0.01389   0.13753   0.00000   0.02945   0.05997   0.42406   0.08359   0.06156   0.08298   0.00558   0.01619   0.19600   0.04820   0.05248   0.22183   0.49776   0.44223   0.55367   0.46797   0.27901   0.18662   0.53299   0.07033   0.06756   0.42828   0.46526   0.60277   0.52274   0.17606   0.52536   0.00000   0.00000   1.45746   4.14057  -99.00000   0.03057  112.54022  
140  0.1842   4707.211094  x:  0.11027   0.19134   0.16280   1.17172   0.08036   0.11516   0.29393   0.16050   0.28868   0.01385   0.13747   0.00000   0.02945   0.05997   0.42407   0.08359   0.06156   0.08298   0.00558   0.01619   0.19599   0.04820   0.05248   0.22180   0.49778   0.44221   0.55359   0.46801   0.27913   0.18667   0.53304   0.07035   0.06764   0.42828   0.46527   0.60284   0.52278   0.17606   0.52541   0.00000   0.00000   1.45754   4.14009  -99.00000   0.03057  112.54021  
141  0.1639   4707.211080  x:  0.11032   0.19126   0.16284   1.17247   0.08041   0.11514   0.29390   0.16056   0.28866   0.01373   0.13753   0.00000   0.02944   0.05997   0.42407   0.08359   0.06156   0.08299   0.00558   0.01619   0.19602   0.04820   0.05248   0.22192   0.49779   0.44218   0.55352   0.46803   0.27923   0.18667   0.53306   0.07025   0.06762   0.42829   0.46532   0.60287   0.52284   0.17608   0.52546   0.00000   0.00000   1.45759   4.13917  -99.00000   0.03057  112.54021  
142  0.1721   4707.211020  x:  0.11027   0.19124   0.16295   1.17560   0.08042   0.11485   0.29377   0.16048   0.28856   0.01385   0.13743   0.00000   0.02945   0.05997   0.42407   0.08359   0.06156   0.08299   0.00558   0.01619   0.19600   0.04820   0.05248   0.22190   0.49796   0.44212   0.55337   0.46799   0.27932   0.18678   0.53319   0.07028   0.06742   0.42846   0.46551   0.60283   0.52300   0.17616   0.52550   0.00000   0.00000   1.45751   4.13470  -99.00000   0.03057  112.54021  
143  0.3291   4707.210965  x:  0.11028   0.19138   0.16286   1.17845   0.08042   0.11491   0.29389   0.16046   0.28859   0.01386   0.13762   0.00000   0.02945   0.05997   0.42406   0.08359   0.06156   0.08299   0.00558   0.01619   0.19599   0.04821   0.05248   0.22177   0.49785   0.44217   0.55349   0.46798   0.27920   0.18681   0.53315   0.07026   0.06764   0.42851   0.46548   0.60279   0.52290   0.17605   0.52541   0.00000   0.00000   1.45733   4.13041  -99.00000   0.03056  112.54020  
144  0.5884   4707.210946  x:  0.11026   0.19139   0.16285   1.17946   0.08043   0.11503   0.29396   0.16046   0.28861   0.01382   0.13748   0.00000   0.02945   0.05997   0.42407   0.08359   0.06156   0.08298   0.00558   0.01619   0.19601   0.04820   0.05248   0.22179   0.49775   0.44220   0.55359   0.46799   0.27911   0.18674   0.53311   0.07022   0.06758   0.42845   0.46538   0.60279   0.52282   0.17603   0.52537   0.00000   0.00000   1.45727   4.12887  -99.00000   0.03057  112.54020  
145  0.6337   4707.210941  x:  0.11027   0.19137   0.16288   1.17973   0.08044   0.11510   0.29397   0.16045   0.28862   0.01386   0.13750   0.00000   0.02945   0.05997   0.42407   0.08359   0.06156   0.08299   0.00558   0.01619   0.19600   0.04820   0.05248   0.22187   0.49773   0.44221   0.55363   0.46800   0.27909   0.18674   0.53309   0.07030   0.06756   0.42840   0.46532   0.60279   0.52279   0.17606   0.52537   0.00000   0.00000   1.45727   4.12846  -99.00000   0.03057  112.54020  
146  0.2000   4707.210939  x:  0.11028   0.19131   0.16291   1.17983   0.08042   0.11510   0.29392   0.16042   0.28860   0.01387   0.13750   0.00000   0.02945   0.05997   0.42407   0.08359   0.06156   0.08299   0.00558   0.01619   0.19600   0.04820   0.05248   0.22184   0.49773   0.44220   0.55367   0.46798   0.27906   0.18672   0.53304   0.07030   0.06759   0.42833   0.46529   0.60279   0.52277   0.17610   0.52538   0.00000   0.00000   1.45732   4.12831  -99.00000   0.03057  112.54020  
147  0.0399   4707.210938  x:  0.11028   0.19132   0.16288   1.17985   0.08043   0.11510   0.29388   0.16043   0.28859   0.01388   0.13750   0.00000   0.02945   0.05997   0.42407   0.08359   0.06156   0.08299   0.00558   0.01619   0.19600   0.04820   0.05248   0.22185   0.49772   0.44219   0.55369   0.46797   0.27907   0.18672   0.53301   0.07032   0.06758   0.42831   0.46529   0.60279   0.52276   0.17608   0.52539   0.00000   0.00000   1.45735   4.12828  -99.00000   0.03057  112.54020  
148  0.0121   4707.210938  x:  0.11027   0.19133   0.16289   1.17985   0.08044   0.11510   0.29388   0.16043   0.28859   0.01388   0.13750   0.00000   0.02945   0.05997   0.42407   0.08359   0.06156   0.08299   0.00558   0.01619   0.19600   0.04820   0.05248   0.22185   0.49772   0.44219   0.55371   0.46797   0.27907   0.18671   0.53301   0.07032   0.06758   0.42832   0.46530   0.60280   0.52277   0.17609   0.52539   0.00000   0.00000   1.45737   4.12827  -99.00000   0.03057  112.54020  
149  0.0068   4707.210938  x:  0.11027   0.19133   0.16289   1.17985   0.08043   0.11510   0.29388   0.16043   0.28859   0.01388   0.13750   0.00000   0.02945   0.05997   0.42407   0.08359   0.06156   0.08299   0.00558   0.01619   0.19600   0.04820   0.05248   0.22185   0.49771   0.44220   0.55371   0.46797   0.27907   0.18670   0.53301   0.07032   0.06758   0.42832   0.46531   0.60280   0.52277   0.17608   0.52539   0.00000   0.00000   1.45737   4.12827  -99.00000   0.03057  112.54020  
150  0.0030   4707.210938  x:  0.11027   0.19133   0.16289   1.17985   0.08043   0.11510   0.29388   0.16043   0.28859   0.01389   0.13750   0.00000   0.02945   0.05997   0.42407   0.08359   0.06156   0.08299   0.00558   0.01619   0.19600   0.04820   0.05248   0.22185   0.49771   0.44220   0.55372   0.46797   0.27907   0.18671   0.53301   0.07032   0.06758   0.42832   0.46531   0.60280   0.52277   0.17608   0.52539   0.00000   0.00000   1.45738   4.12827  -99.00000   0.03057  112.54020  
151  0.0010   4707.210938  x:  0.11027   0.19133   0.16289   1.17986   0.08043   0.11510   0.29388   0.16043   0.28859   0.01389   0.13750   0.00000   0.02945   0.05997   0.42407   0.08359   0.06156   0.08299   0.00558   0.01619   0.19600   0.04820   0.05248   0.22185   0.49771   0.44220   0.55372   0.46797   0.27907   0.18671   0.53301   0.07032   0.06758   0.42832   0.46531   0.60280   0.52278   0.17608   0.52539   0.00000   0.00000   1.45738   4.12827  -99.00000   0.03057  112.54020  
152  0.0004   4707.210938  x:  0.11027   0.19133   0.16289   1.17989   0.08043   0.11510   0.29387   0.16043   0.28859   0.01389   0.13750   0.00000   0.02945   0.05997   0.42407   0.08359   0.06156   0.08298   0.00558   0.01619   0.19600   0.04820   0.05248   0.22185   0.49770   0.44219   0.55372   0.46797   0.27907   0.18671   0.53301   0.07031   0.06758   0.42833   0.46530   0.60280   0.52277   0.17608   0.52539   0.00000   0.00000   1.45737   4.12827  -99.00000   0.03057  112.54023  
153  0.0005   4707.210938  x:  0.11027   0.19133   0.16289   1.17995   0.08043   0.11510   0.29387   0.16043   0.28858   0.01389   0.13750   0.00000   0.02945   0.05997   0.42406   0.08359   0.06156   0.08298   0.00558   0.01619   0.19600   0.04820   0.05248   0.22185   0.49770   0.44219   0.55372   0.46797   0.27907   0.18670   0.53302   0.07032   0.06758   0.42833   0.46530   0.60280   0.52277   0.17608   0.52539   0.00000   0.00000   1.45736   4.12827  -99.00000   0.03057  112.54027  
154  0.0031   4707.210938  x:  0.11027   0.19133   0.16289   1.17999   0.08043   0.11510   0.29387   0.16043   0.28858   0.01389   0.13750   0.00000   0.02945   0.05997   0.42407   0.08359   0.06156   0.08298   0.00558   0.01619   0.19600   0.04821   0.05248   0.22185   0.49770   0.44220   0.55372   0.46797   0.27907   0.18670   0.53301   0.07032   0.06758   0.42832   0.46531   0.60279   0.52277   0.17608   0.52539   0.00000   0.00000   1.45736   4.12827  -99.00000   0.03057  112.54029  
155  0.0046   4707.210938  x:  0.11027   0.19133   0.16289   1.18000   0.08043   0.11510   0.29387   0.16043   0.28859   0.01389   0.13750   0.00000   0.02945   0.05997   0.42406   0.08359   0.06156   0.08298   0.00558   0.01619   0.19600   0.04821   0.05248   0.22185   0.49770   0.44220   0.55372   0.46797   0.27907   0.18670   0.53301   0.07032   0.06758   0.42832   0.46531   0.60279   0.52277   0.17608   0.52539   0.00000   0.00000   1.45736   4.12827  -99.00000   0.03057  112.54029  
156  0.0008   4707.210938  x:  0.11027   0.19133   0.16289   1.18000   0.08043   0.11510   0.29387   0.16043   0.28859   0.01389   0.13750   0.00000   0.02945   0.05997   0.42406   0.08359   0.06156   0.08298   0.00558   0.01619   0.19600   0.04821   0.05248   0.22185   0.49770   0.44220   0.55372   0.46797   0.27907   0.18670   0.53301   0.07032   0.06758   0.42832   0.46531   0.60279   0.52277   0.17608   0.52539   0.00000   0.00000   1.45736   4.12827  -99.00000   0.03057  112.54029  
157  0.0004   4707.210938  x:  0.11027   0.19133   0.16289   1.18000   0.08043   0.11510   0.29387   0.16043   0.28859   0.01389   0.13750   0.00000   0.02945   0.05997   0.42406   0.08359   0.06156   0.08298   0.00558   0.01619   0.19600   0.04821   0.05248   0.22185   0.49770   0.44220   0.55372   0.46797   0.27907   0.18670   0.53301   0.07032   0.06758   0.42832   0.46531   0.60279   0.52277   0.17608   0.52539   0.00000   0.00000   1.45736   4.12827  -99.00000   0.03057  112.54029  
check convergence!
